0 366 7389 2703 2338 2659 6477 3536 4730 7012 3511 153 847 4979 1076
1 5672 4099 1767 2026 3968 1024 5289 7363 994 4477 3164 2588 4605 2987 331 4186 6380 99 6705 4421 6380 3786 6781 99 5263 3274 5391 4886 2389 2987 4987 2140 960 2381 4830 4709 5499 1215 72 6284 7109 3231 5706 3732 5485 5835 1988 130 6530 5654 5775 3830 6212 4998 2168 4980 374 1667 4549 2679 2113 2390 3310 2612 1924 740 2783 1683 2522 1230 7051 6962 6984 5471 4430 6712 1322
2 5928 3739 1024 994 5835 6530 2026 1939 144 2082 4710 6781 3164 3736 6091 5939 5611 5294 2848 1482 247 4980 3313 3507 6212 341 3706 2144 134 4021 697 6993 2390 2113 5857 3463 1334 1758 3437 6315 6996 1820 1925 102 1190 295 1090 6406 47 3432 5026 3121 3249 2438 3016 7018 1190 3488 4066 2681 4557 2403 4590 7303 1617 6636 1921 4879 2170 4425 5511 6674 1134 6781 2588 5611 1938 3705 172 5294 5263 3736 1482 1251 5611 223 5511 3919 4605 172 4854 2005 1782 7242 1355 6548 4176 592 4830 6155 1167 1988 5928 3739 2972 5289 5835 1024 5672 5583 2310 1131 3066 5666 4980 7065 6212 2761
3 130 5485 2082 66 2972 7363 3231 5706 6851 4099 1033 4111 6705 223 1134 2389 3164 2008 2588 3705 3786 1414 3462 4186 223 5391 6467 1033 2848 7004 4362 4178 6012 1782 5044 4830 6861 4709 6087 234 1173 994 66 2082 6851 5289 5086 7363 321 3968 341 2310 7186 3830 49 1131 3706 2658 5666 247 6404 697 2390 6921 4753 5229 5864 5857 1758 1924 4052 189 7017 3885 535 1639 1322
4 3739 1173 5320 5928 532 2026 2972 4477 5485 321 4131 6781 1795 99 2987 3705 5263 1414 1134 627 5511 1414 172 1033 4605 4186 5611 3164 1832 4710 3268 6059 3952 5499 1782 4987 6012 5222 2140 1945 1167 2972 4099 3968 1720 5320 1939 2082 2817 1988 413 453 2144 247 49 5666 2800 2679 5581 2310 4753 6315 697 5229 2612 6993 6404 1758 1334 3437 1950 2195 6996 6942 3249 47 3234
5 6443 5310 5724 1325 6567 88 2833 1802 2717 351 310 101 6387 6661 6622 73 5392 4763 4812 3852 1585 2274 4348 2647 141 1524 2472 904 3796 6466 175 5850 4234 2517 5435 1306 3725 3544 3365 6145 1949 1442 7243 1344 816 5384 1304 6444 2211 7325 113 7008 7285 724 2205 6922 7142 3750 783 3832 4288 5221 2998 5443 3312 4303 4162 4530 6124 286 2944 4599 244 5705 71 6156 4451 6543 4590 1068 3462 99 3274 1434 4886 2008 5263 6380 5611 4186 4709 5652 3969 4987 6059 5225 7242 6861 683 4824 4250 3231 4099 2332 5928 3531 321 994 1024 7308 4549 4625 4021 560 2761 6424 5775 3313
6 5086 5672 130 5289 2817 5442 6851 321 5320 5654 2008 5391 3919 1033 4186 3705 3736 4421 6705 4710 1482 1251 5611 1832 5391 6380 4710 4421 2389 1033 5222 1945 7242 4362 5044 234 1439 5859 3052 4178 532 2026 1939 1720 4099 5583 2817 4250 3968 5672 2150 5581 3830 5314 2800 3507 5666 341 6227 4021 274 4600 1758 5229 1683 6993 1924 2783 3463 5891 2447 6509 2011 5767 4878 1950 5131
7 4982 4421 1134 3919 912 4186 5611 3786 4111 4131 1047 278 4176 1801 4178 1439 6069 6284 6012 1215 6530 5706 2817 7308 3638 5928 1024 994 5289 398 4998 140 6212 5581 5314 6691 3706 4625 5676 560 6315 6993 1230 1924 2390 6404 1683 274 2113 20 5127 1820 5471 6397 89 3532 3144 2819 3943 1453 5131 3885
8 49 374 2761 2679 5314 3706 413 6424 5464 2168 1683 6404 6921 3437 4820 4753 20 5864 5891 4600 2438 2357 4641 89 6253 6996 5335 3101 3976 1453 3675 7051 3165 1954 1934 6747 3871 527 2569 95 4620 1631 2353 5290 4656 4059 3197 6156 2670 5655 1832 6380 7001 6781 912 4131 2008 4725 2588 6674 453 1131 134 6212 374 3313 7065 560 6222 6691 1334 3463 1924 740 20 6315 6921 2783 5857 6993 1657 535 1190 2380
9 5928 5289 66 1767 4099 1024 532 2817 994 7363 4421 627 1832 6091 1181 6380 2008 1795 2588 6467 6303 6668 1660 1960 6394 999 2780 4019 728 3618 3935 7253 3191 7238 6983 175 6913 887 6916 1072 6000 3047 2659 6939 5429 5680 6481 1331 3126 5501 6222 1131 3830 1206 453 560 2310 374 3706 3313 740 6993 3463 2113 4753 697 1334 4600 2783 1924 4372 5175 4539 3871 189 3234 3194 6649 734 3761 5629 1829 3555 95 2357 4994 1217 3761 527 6984 4451 1507 4599 4035 7050 5714 5426 6426 406 1825 1832 3164 1181 3786 6467 4886 3736 6674 331 4725 2658 6691 1131 6212 453 2679 2761 413 6222 5666 1683 1924 740 2522 4600 4753 6993 3437 3463 4820 959 47 4641 5197 6806 4066 1190 1217 3121 3234 18 1954 3428 240 6057 24 3134 6641 3249 2095 5998 2091 4222 1778 1356 6998 4389 5433 1987 6692 5263 1134 5258 6781 223 5939 6705 912 3736 1832 5188 1000 2610 1996 1538 6449 3307 7264 2479 2835 3491 7063 1704 5593 2369 704 2183 5573 1045 7135 2652 2777 4610 2891 6456 2820 951 7106 2491 741 2438 3675 430 1217 1639 6501 6984 3194 6942 2695 2767 7270 956 3869 4784 5555 1499 915 1081 621 7003 4469 4414 4746 4703 2849 6037 1847 1573 3940 2714 275 1708 5749 4228 1014 5150 1881 7117 2254 3196 2302 469 5530
10 6851 7308 1988 4477 5583 1720 5086 1939 2972 66 3705 912 1134 4111 5611 4710 6380 1033 4131 2987 4799 422 1619 5067 5287 5772 5854 3393
11 6424 6227 560 2761 5775 2310 7065 134 140 5464 6993 697 1230 5864 5857 6404 3310 1334 1683 20 2357 1090 5021 6649 3249 4430 2380 1918 3432 1784 2695 3141 6806 6641 4430 1453 3632 1657 1829 1934 3179 6850
12 2026 4099 3531 1988 5289 5583 66 2972 532 3732 3705 2389 172 7004 4339 1134 4421 6467 5611 6380 3269 1766 5121 4147 1147 7191 80 6507 1802 1325 5075 2306 4763 310 3509 5148 5753 7252 5657 2560 904 874 2472 3139 2647 6461 3738 5015 1399 6466 7166 6145 5356 6913 1776 5850 5435 6377 175 6128 2451 1304 5808 1344 5906 2211 7243 3817 5432 133 6709 7278 4818 2749 3750 4699 113 1390 481 5563 5084 2224 1548 286 5221 5984 2940 3357 4288 30 2534 2533 5515 2715 335 5433 5656 1813 3539 5291 49 341 453 2658 1206 2800 1935 5581 1131 1667 20 5864 3463 2113 3310 1683 6993 740 5229 1230 5505 7051 2357 7154 5000 430 4052 136 18 3778 102 1820 3144 2057 800 5131 6160 3943 1772 3016 608 2965 5290 6156 6636 3294 4427 5425 4719 2787 4421 5263 6674 1938 223 6467 3736 2389 1134 3786 2588 4421 2987 4982 99 7001 3164 2389 172 6467 592 4709 6861 6087 4854
13 5706 4477 6530 4099 7109 5289 321 7363 5442 4250 5939 4339 1181 2848 5258 1033 7001 4131 912 3786 4886 3705 4982 6674 1033 4725 4186 4339 3462 4131 4709 6861 960 4987 3969 1355 5912 4178 4854 5222 5654 3531 2026 5835 2332 4250 2817 1720 144 3231 2168 5666 6227 5464 247 4947 2800 413 6424 1667 1334 20 6993 6921 3463 274 4600 4753 5891 4820 535 5127 3101 1657 2228 3778 5005
14 4099 4250 994 5485 7363 5289 532 3968 1173 2972 1134 6705 1414 3919 5511 5939 1251 3164 4725 2008 4019 2321 4205 111 62 2539 1454 2296 729 2870 4267 7238 76 3258 1026 5211 5237 1843 887 175 4186 4421 5258 7004 6705 3164 912 5511 7001 5294 4362 960 6069 1215 5859 1801 7242 5652 2381 1751 1720 994 4477 5485 2332 1988 5442 5672 7109 3732 5482 6212 560 3507 2144 2310 5775 5464 2168 1131 2113 6993 4820 4600 2390 5864 740 6315 6921 5891 430
15 1167 5835 321 5706 144 130 66 3968 1720 3732 6380 4421 1251 223 6467 627 3462 912 3164 4131 151
16 5835 5672 5289 4477 5706 2026 3638 5928 5654 994 4886 6467 5294 331 1482 5391 2389 7001 1181 99 4474 3847 673 847 6619 1319 831 2508 7230 5311 2150 4021 4549 2761 4947 134 341 6424 1131 6222 5857 740 5864 1758 1230 2522 3463 6404 1334 6921 5026 47 5127 5505 2681 4052 6160 1784 6877 295 6602 95 6747 7266 2616 1322 5505 2569 6406 5000 2639 2766 5924 5851 3308 2353 5655 5714 5264 4915 1795 1434 5391 99 172 3462 3786 5294 5511 1832 247 2168 3507 5314 453 134 6691 6227 1935 6424 20 4600 6993 2612 6921
17 7308 4250 5442 5672 1720 1167 5485 144 130 2082 172 5611 4725 6781 5511 7001 3786 1795 331 5391 7186 49 2150 1131 5676 3830 341 3313 5314 5775 20 4820 1758 1334 274 1230 1683 5229 5864 740 3234 7154 5347 3488 2569 430 5505 1934 7051 1918 1217 2095 1820 5197 6160 2228
18 5775 1667 6424 5676 2658 4998 2144 3066 4549 49 6993 2113 1758 20 1924 4753 5864 5229 2783 1683 734 7326 18 6996 6962 7226 5335 95 136 6304 5131 6509 1217 6712 430 2438 4539 3249 5335 5000 3308 4432 2548 5841 1631 4887 3109 7073 1617 6843 4710 172 5258 3705 4982 1795 6380 331 223 3919 560 2144 140 2658 6424 2761 5775 4021 7186 4998 3437 3310 2522 3463 740 5891 6315 1758 6993 4820 5175 95 6509 1855
19 5760 6716 4474 1627 900 5345 6703
20 7065 5314 5581 247 3507 134 2168 2144 453 5666 3437 4820 2113 4600 2783 1683 1758 697 5229 3463 3532 1371 6984 3428 1190 1855 5347 5629 2195 2438 5471 6871 4372 3392 3488 3532 6509 4539 7326 6602 2091 92
21 5654 7363 1767 2972 66 321 5835 2026 3739 5320 99 5294 3736 6091 5611 5511 7001 4886 5258 4131 4710 4421 4886 99 1434 3164 2588 6380 1414 5611 4034 4987 3268 2567 2140 2381 4178 4830 5516 3952 4250 5928 2082 144 3531 994 1939 2332 4477 5086 6227 247 1131 374 2150 4021 4549 3313 1667 453 3437 5229 2612 6315 4600 3463 4820 2113 1924 697 45 5641 3632 6712 24 3836 5000 1217 3675 7326 136 6984 3141 2579 1925 3234 6495 2819 800 4641 3222 4389 96 3704 5031 894 5661 2524 3308 4636 5611 172 3786 3736 1134 4605 2987 2848 1482 3919 4625 3706 7065 3313 413 2168 3066 6691 4980 453 4820 5229 5891 4600 274 697 5857 6993 4753 6921 24 3144 3778 3976 1639 1784 527 295 6641 7326 3377 2681 1646 3761 240 6984 1950 3976 5026 24 3197 7184 2106 6435 797 4171 998 2295 2353 5137 5939
22 1767 6530 994 1024 5583 1173 5289 3231 2332 7363 4982 3786 2389 5258
23 4998 2658 5581 3313 2150 453 2168 140 49 7065 3437 3463 697 274 2783 5864 6921 2113 5891 5229 4052 2579 3488 1322 2228 5471 2057 6495 5767 6984 1950 2569 7266 1322 2357 1639 2438 95 1657 5767 7360 2944
24 331 2008 99 4725 5511 3919 4186 4339 223 3705 4178 5652 278 6155 3969 592 1558 1047 5859 5912 3739 6530 3231 3732 5485 1767 5928 144 1167 5086 2761 374 140 2168 5314 3830 6424 5464 3313 134 3437 6315 3310 4600 6993 2783 4753 5864 1334 697 2695 5127 527 2195 7226 1954 2095 6877 5347 6397 2095 24 2616 959 5335 4539 2011 7051 3016 2681 1380 4427 6156 5965 1208 4035 3539 1520 4656 2524 172 3736 3274 3705 6467 1482 4982 5611 1832 4710 4980 7186 4021 5482 413 453 4625 4947 2310 6227 4753 3310 6315 2390 1683
25 453 6222 6424 6212 1131 560 1667 2761 2658 2150 2612 3437 20 6993 3310 5229 5857 697 274 5864 2579 4430 7018 2819 5175 4372 6877 5629 4878 6495 7154 6057 4878 7051 2569 6942 2681 18 2095 959 7303 6110
26 2082 1767 1720 5672 1988 321 7363 6530 3531 3968 3462 1482 5258 3705 7004 5263 5939 1251 99 1134 2800 2679 5581 5666 6227 4980 413 3507 6222 49 5857 6404 2783 2612 697 1230 4753 3310 6921 274 3871 6996 5000 6641 24 5767 3943 6984 2228 6406 7018 5641 527 4878 5021 18 2011 1217 3675 102 1406 2100 6118 1743 1607 117 2944 3589 2540 4835 1033 5294 331 1251 5511 4725 4710 3786 2848 3462 5258 1795 6781 912 1033 627 4339 5263 4131 4186 1801 1355 5516 1047 4987 6861 4362 4182 6059 683 4099 3968 7363 7308 1173 5928 532 5086 6530 66 3507 247 2761 4980 2144 4549 4998 6222 1935 374 2522 2113 274 2783 1924 697 6921 5857 6993 1230 5026 7051 3249 2438 5687 2819 3134 4430 5505 1261 3943 6942 3532 959 5687 6996 1322 7266 4430 1371 3589 3986 608 2540 1631 3054 1778 4427 5841 4384 2848
27 3830 4625 247 7186 2144 3507 5581 6222 4021 2679 6993 3310 5857 2612 4600 1230 3437 740 6404 2522 4539 5953 47 24 3194 5767 295 2095 4878 2616 6304 5005 2681 3392 1190 7017 3234 1090 102 6984 2442 5486
28 5320 2972 1939 321 3968 5442 3739 3531 130 6851 5263 3164 4111 5391 4725 2848 4710 627 5511 6674 3188 6465 938 3677 3407 6504 4810 6196 5100 1143 7018 5687 5471 2819 3488 6641 5641 2357 1639 2380 6781 4982 331 4605 4710 4186 99 3919 1832 7004 278 1047 5912 3952 4362 6139 234 6155 5859 1945 2972 3638 7308 3231 5442 1767 5583 130 4477 1024 341 6227 5676 4998 6691 49 3507 6212 1131 5581 4600 1758 697 2113 740 4753 1230 1683 6315 6993 1954 6996 1772 3194 1745 6747 6509 4994 5175 2681 5505 7226 189 1829 45 5005 6304 1925 24 6057 1208 4376 2184 1356 2503 6725 1569 635
29 3313 2310 1206 341 560 4980 374 5775 5482 5581 6404 4820 740 1334 697 2522 1758 5891 2783 3437 6440 6984 6304 3144 295 5505 3532 1639 430 6806 6641 6806 189 3249 7018 3121 3675 2357 5197 3885 1813 6118
30 2817 7109 5289 3732 1939 2082 5583 1167 2026 1720 4710 6674 223 4186 6380 4421 3274 1134 5511 172 3706 341 2144 6424 2800 6691 1935 2168 6212 1206 4600 4753 3437 697 5891 5864 5229 4820 1683 2522 6747 4539 6304 527 3976 3141 6057 1950 45 4994 3144 2438 6962 6747 45 3532
31 7363 532 4477 5835 1939 2817 5442 5706 398 130 99 1181 3164 4725 1033 3786 4186 4710 2987 3274 7018 1820 3761 3675 18 6304 1261 89 6602 6649 4416 1488 4437 3999 4327 2721 6839 604 5942 1354 4876 1106 2703 2256 2294 6106 5980 292 3536 3824 963 6407 1387 2366 2201 5146 3609 342 3749 6371 129 427 847 4566 1627 6716 314 1404 4979 5819 2920 4004 3228 3183 5446 12 4711 1440 593 5534 5160 7206 4208 1834 4579 459 7420 411 3878 4470 374 2168 4947 3706 4980 4625 140 413 453 1935 1230 6993 2390 5857 3463 1758 2612 4820 2113 5229 5629 3976 3943 240 2616 102 3377 853 3488 2357 1261 6602 721 2095 1322 430 136 628 6962 5005 5733 635 2944
32 5442 6851 4250 994 5289 2817 2972 144 5654 5706 2848 1832 331 1134 4186 627 223 4111 6705 6091 3313 6691 2658 4625 1667 560 5581 4947 4021 4549 6404 6921 3463 740 2113 6315 2390 3437 2522 1334 5767 2695 6996 2011 45 2569 3377 47 2095 6871 89 189 1322 5471 6996 2616
33 2658 4947 3706 1935 134 453 6222 5464 6691 3313 3310 5864 6404 274 1334 6921 4820 697 4753 2522 3121 1925 47 1453 3836 5021 3778 5347 6962 3377 6440 6984 3871 3432 5000 24 3488 1954 1925 2011 7360 3534
34 4477 3739 1720 994 5583 144 3231 130 6530 3638 2848 3786 2008 7004 7001 6674 1795 331 4725 4186 3706 5314 5676 2144 4980 3830 2679 4947 6222 6424 4820 6993 3437 1924 6921 2612 5229 3463 274 2390 628 6057 6406 6641 3871 3778 2380 3144 136 7018 1820 3976 3432 6509 5687 3194
35 3638 532 994 5485 398 2817 1720 3531 2082 5320 5294 6380 1832 912 4339 3274 3164 99 2987 5391 2389 3919 5258 3164 1033 1434 99 7001 2848 4111 2970 6139 960 4176 4709 6069 5516 7242 5652 5225 4477 5289 532 1173 5835 5320 5583 3732 5442 5654 2150 6691 4980 140 374 5314 7065 341 2310 2761 20 3437 2522 5229 1924 274 3463 1230 5857 6993 1261 3488 45 800 189 2579 4052
36 6530 7308 2332 3231 6851 5928 3638 2817 66 4477 1795 3919 1181 6467 2389 3462 3274 5611 4111 4710 6957 7177 2581 2607 4943 4701 6077 5839 3188 3677 1843 2594 6983 6442 5356 3191 7238 86 4365 6797 6939 4876 6319 3824 3126 201 292 6477 1457 210 4725 1181 1414 5611 6781 4111
37 1720 3231 3531 3638 5672 532 6851 398 7363 5320 1251 3462 5391 1181 1414 4186 1033 5263 4339 5294 5429 7012 4578 5863 3694 1457 5980 366 3824 6018 3749 2771 5072 2580 2201 6371 2492 2736 6011 107 427 1345 5311 5819 153 831 314 3847 1311 2508 6736 6056 6305 180 7132 7185 12 2878 4139 6473 1792 2318 4446 5559 459 4870 4727 1834 5844 1175 2008 223 4186 4111 4339 4605 3736 5939 1251 3164 278 234 2567 1215 6087 1801 1558 4034 72 4665 5706 3638 5835 5086 5442 3732 2972 144 6851 1939 2144 453 2800 6212 4021 6691 6222 2658 49 4549 6993 1334
38 1076 359 4948 5806 5163 2397 129
39 5980 5501 2659 5816 5863 4578 151
40 2588 2008 1181 4111 912 5294 1134 99 1795 2389 1439 3268 683 4176 3952 278 2381 2140 4830 4854 130 2972 5289 5485 5706 532 144 3739 1988 5654 3830 3066 341 140 1935 413 4947 4021 2144 6222 4820 1683 1758 697 2612 5891 5864 6993 4600 3437 1954 1934 1371 2195 6057 7266 6942 18 6747 3121 6962 5471
41 4876 6000 5863 3162 3694 7012 366
42 144 2026 3739 5289 398 2332 2082 6530 5320 5485 3462 1832 4710 1938 4186 1414 3736 1033 2848 6781 5294 3164 2389 5263 1795 2008 3786 7004 3736 1414 6155 6087 72 234 6548 1047 1558 4824 5225 4987 3739 5672 2817 1939 66 4250 5835 2082 4477 5320 1131 3830 5464 374 6424 4947 49 140 560 5482 5857 1758 2390 3463 20 5891 697 1683 4753 2522 5953 2447 6747 7051 4052 3532 7018
43 130 5289 5320 2026 1939 2332 3739 144 5672 5583 5511 172 223 1414 2588 2389 5939 1482 99 2987 6196 4577 4019 7190 3242 3708 6394 5279 3216 1315 2579 6057 1217 1820 5205 3121 24 3976 102 3101 4980 6227 413 4021 2150 3830 2168 2144 341 1206 5857 2390 1230 740 2522 1924 4600 6921 2783 3437 4372 3761 6871 4878 1829 3836 1784 5641 5205 3016
44 331 3164 6380 6091 2588 6467 7004 4131 4421 3919 6069 234 1047 6012 2140 1801 4987 4665 1751 592 5086
45 398 6851 3739 1167 1720 2817 5442 7363 1939 66 1938 3919 6781 2588 4886 1795 2008 627 5294 6091 7065 4021 1667 3706 341 134 6227 5676 5464 6424 6993 6315 1334 6404 5229 3463 1230 697 2783 2390 853 3 3392 1745 4539 1829 7017 7326 3488 18 6942 5471 3234 4430 4641 6397
46 4021 5581 453 6212 3507 134 2310 3706 6222 2150 1334 3437 740 4753 6993 3463 5229 5864 6921 4820 6406 5175 5505 721 3 3488 3165 6304 3144 6712 102 5641 3778 1772 6253 24 4878 3761 1918 959 4915 2944
47 6851 5835 144 130 1767 5583 4099 3531 532 2026 1251 5294 3919 5391 3462 1181 4186 2389 5939 1482 6507 6567 3653 5690 2833 5724 1766 6443 6197 137 3260 5753 29 1252 1468 5040 6933 4812 6013 7305 4438 4348 3796 1567 2274 2472 874 2696 1475 2384 2517 6797 3191 3365 1026 4780 86 3544 1328 5237 2451 5206 4196 2913 5808 4705 3817 7243 2107 5336 1253 5102 1390 6276 783 458 5759 3832 3070 5371 2632 5410 731 4303 2904 286 3312 818 30 1845 5924 2540 515 4384 4171 1987 4821 995 5877 5661 6674 3919 4131 2588 6091 1482 4886 4339 2389 5391 6861 4182 4830 6284 2381 2005 5652 6069 6059 1439 4477 5928 1024 5289 66 5320 1720 130 6530 3732 413 6212 5775 140 1667 6222 1935 134 3830 5314 4600 1334 2522 3310 5857 6315 3437 740 2113 274 1784 7058 3885 3101 3432 102 1261 3234 2095 6440 4994 827 3532 3428 3141 6602 1261 6984 1772 1190 1274 2170 1406 7005 4631
48 3507 5775 4021 1206 6227 1667 560 4998 5581 341 3310 274 4753 2522 6315 6921 1758 2612 697 3463 3377 3675 5505 5127 3943 3101 1925 2681 6649 2057 6160 4052 2195 6440 4878 7058 6501 3555 5629 7266 5965 38 7289 1507 3054 2037 4557 998 6745 6636 5391 3919 5511 4111 1134 3736 4725 627 912 6674 3706 140 341 6212 2800 247 7065 5314 7186 2761 4820 6921 5864 697 4753 2612 3437 1230 1334 740 2579 3016 3234 6649
49 912 1181 6467 4725 3919 627 1482 99 6781 1938 683 6548 5516 5859 3052 6139 960 6087 6155 4362 144 994 4477 1167 2026 2817 4250 3732 5485 5320 6227 49 1935 5666 3313 560 1131 2150 2168 5581 2390 3310 5229 3437 2612 2113 4753 5864 6315 6993 3976 2579 853 6877 527 2380 2195 3 1925 628 3778 3976
50 2150 5775 2310 2168 6227 4549 3066 5314 5464 247 5891 2390 697 3463 2783 1683 274 1924 740 4600 3134 4641 1217 6253 4539 2228 2057 45 3432 7018 1772 5629 2447 3 7051 2057 3392 5005 1745 7154 5779 5656
51 3447 6465 5494 4577 3618 4785 7177 6499 5165 3271 6797 5237 7166 6128 7253 6916 2623 4780 1072 6377 5429 1082 1505 151 4141 292 3162 6477 3536 5680 1462 3457 6073 2241 7146 405 192 5503 3248 4611 5018 6586 6597 1704 1588 1562 711 3804 7210 2196 3348 1503 444 5397 675 3138 7237 3624 4173 2556 4430 6747 3943 5205 3249 3632 1934 1784 5335 827 190 157 7270 3306 4759 5287 6027 4142 1239 2152 4026 1768 6468 4746 4703 4827 5066 4469 2980 1847 4675 3945 6244 1054 1470 1771 5400 3434 5364 6615 1958 3131 4380 221 259
52 1988 398 3638 1939 5442 6530 2972 4099 6851 5583 5511 1181 2987 5391
53 1806 1695 966 6197 3653 3218 167 1766 88 80 5657 1471 1252 29 4812 6661 4763 6986 3132 868 4650 6461 1399 2274 521 2696 1475 904 5214 1585 2594 7253 2517 1843 3544 6442 6377 3236 6797 826 1572 3752 6486 1329 6419 3563 4694 5384 120 3417 3523 3818 6415 23 2749 5093 3070 7307 458 2593 659 5443 6175 818 2224 2904 1978 2290 4303 5410 2540 3704 3096 797 5998 3054 7184 1530 1416 1921 5511 99 4111 4421 3462 6705 5258 1033 627 4339 4182 6861 5859 1215 4709 2381 6139 592 960 5972 5485 2332 3231 66 5835 3739 5706 5289 2026 1939 4947 4980 1206 453 1667 4021 4549 5314
54 7308 66 1167 3638 532 321 5086 5442 144 1767 4886 1482 5511 1251 1795 2008 3274 2588 3919 1434 4785 3677 4028 3676 2483 3087 2146 5962 3188 5393 6916 1519 3544 6442 4662 175 3236 3258 826 1776 140 1206 3706 2310 5314 3066 3313 5676 5464 3507 6921 2783 3310 6993 697 1230 5229 1758 1683 6315 1090 6602 6806 1646 3141 1829 7058 734 3871 4372 6501 6160 5347 4878 1918 6877 5026 3836 1829 5505 1151 4557 4432 3096 5678 1617 2037 635 5433 4719 4710 1482 1938 1434 172 1414 6781 4605 1251 7004 1938 3164 1033 4982 4131 4710 4421 6705 4111 1134 3268 5225 6861 1782 5044 1558 234 5499 72 1439 66 5320 5654 3231 6530 3739 5928 1167 321 2332 1667 560 5676
55 5164 6639 2780 1574 5920 5630 4786 1960 3426 5449 2623 5237 5356 1776
56 1167 4250 1024 144 3638 1767 1939 5706 3739 2972 5294 1181 5939 627 4886 2008 4725 1033 1251 3164 4021 4998 341 1667 1935 5482 374 4947 2679 6424 5229 20 1230 4600 5864 6993 5891 2113 697 6921 6509 2579 6877 3144 1217 5767 2438 5026 1918 6641 3428 4994 2447 3675 3144 2579 7326 295 6440 6649 1850 2091 837 4376 6543 1987 2405 5733 981 6850 4886 3164 6467 4982 6380 4131 4710 4421 3274 1482 4111 6705 3919 6674 4710 2588 3705 2008 4339 4982 5652 3268 5225 5044 5222 6069 1782 683 4709 5972 7363 1988 3531 5442 5086 3231 66 4477 3739 1024 453 5581 2658 6212 2310 6691 5666 2679
57 5835 144 3732 5928 398 2972 1720 3968 2817 5320 1414 3164 2389 4131 3705 2588 172 1434 627 3274 3 5197 1322 4430 6871 5000 5347 3377 6509 7051 2 2558 6038 5570 6951 1672 5362 7193 6991 5378 3058 1960 5962 1984 3242 2476 2607 2687 2870 5494 175 6128 3544 4031 1566 1776 1026 3236 1519 4267 172 5611 5391 1181 627 3736 5263 1251 5258 4982 2567 1945 6861 3969 4824 2005 5912 234 3052 4709 5086 321 2332 6851 2817 5485 4099 5583 3732 5835 247 2800 4998 4947 5775 3507 6691 6424 2679 453 1334 6315 2390 740 5857 2113 3310 1230 1758 6404 189 4430 3555 89 3234 3943 4994 1453
58 2310 5314 1131 2800 5775 560 453 4549 4980 6212 5229 740 2612 2390 1334 2783 1924 3437 274 5857 6712 1950 1934 47 1925 7266 2438 5026 2095 4539 89 3141 721 2447 2438 3432 136 3249 5197 3871 3571 1507
59 3531 2972 2082 994 7308 3732 1173 2332 66 5654 3736 4339 2389 1251 2588 3919 6380 7004 4186 2848 1143 379 6819 4517 5303 3242 324 728 4810 6465 3249 1954 3392 3165 1829 4430 295 89 2447 1090 1667 134 5666 374 1131 1206 5581 4947 4625 4980 1758 2612 5864 697 1334 3437 5857 2113 2390 6993 2616 4372 1217 3761 2228 1829 3101 2095 6649 1190 6806 5205 1855 6495 5953 240 1261 3144 6304 6602 7050 4035 565 4628 4376 5841 2785 2170 5877 4590 4131 1795 4725 99 2008 4339 7004 2389 4605 1033 3507 6212 247 1131 3066 6424 1935 4947 6227 2761 4820 1230 2113 6315 4753 6404 2522 6921 3463 697 3871 5471 3943 3121 6942
60 2332 1767 4250 2082 5583 398 5485 3968 2026 5320 912 4886 3164 172 6705 331 3462 3786 6781 6380 1134 6705 6781 1181 5511 223 912 6380 4605 5939 4709 1355 5222 5044 6548 5912 4178 5652 1047 5225 2972 532 5289 7308 5928 4099 1720 398 3231 5654 4998 2800 3313 2310 2168 5676 2144 2150 6212 6424 5229 2522 5857 6315 6993 5864 2113 6921 2783 697 3778 6649 6057 3871 430 4994 3
61 398 2082 5442 994 1720 7308 5583 130 1939 1767 912 4710 2987 5511 1482 3736 6380 2389 1181 1434 2150 2761 4998 2168 2679 2310 5676 4549 6227 374 740 3463 3437 5864 1758 3310 274 6993 5891 1334 3532 5505 6602 45 1745 6649 2569 295 4510 6440 527 3778 430 45 1855 1322 6057 6509 3392 1820 565 5788 3294 1244 1607 2353 92 3054 2533 6426 1832 5258 331 627 2848 4111 6467
62 4250 7308 3732 6851 3638 3968 5442 5320 1167 4477 3462 3274 1482 3164 172 1795 331 4111 4339 4131 7186 2144 2658 374 413 3830 4980 2168 1131 140 3310 740 1334 5229 20 6315 4753 3463 5891 5857 1820 6602 4539 4510 45 3121 6641 1950 7058 6871 5175 3976 6495 3 7051 1934
63 1720 3968 1173 6530 1167 5928 3638 130 5672 398 5939 1033 172 331 3274 5258 2848 627 3786 1181 5482 4947 49 2800 560 413 7186 453 3706 6227 4753 5864 5891 3463 1758 20 2522 1334 2783 6315 3134 2819 1190 853 1934 1918 2228 800 6440 1371 2011 527 1745 2447 5953 2681 853 1646 6747 2095 2170 1823 2654 2540 4719 4171 5051 2965 1987 5733 912 6781 223 627 7001 4186 2588 6091 4982 1434 2427 6550 1370 6248 4497 3074 2445 150 983 3643 6822 1292 704 7211 2369 5961 5018 822 7276 2382 569 3693 7062 2619 4972 6656 940 5528 5795 3757 734 4641 3141 3836 4066 4878 3871 6712 5471 1855 3436 3869 1401 7358 3306 953 1239 6382 3712 5287 3724 1527 4827 11 7290 6037 902 5239 3764 2849 5150 4228 2578 2254 4546 3434 5364 6130 6944 4749 2243 2437 656 6436 2902 5849 7344 6325 6901 5228 7011 6288 7173 1078 2177 6040 4373 747 3920 3586 6857 674 346 2584 1023 0 1601 5590 5552 3842 2679 6424 2761 4947 2150 7186 341 2310 7065 6691 697 274 740 6315 6993 2390
64 3919 7004 1181 7001 2588 5263 4339 3705 2008 5511 4824 4665 6861 5912 683 1439 3052 4182 2005 5499 5835
65 994 2082 5706 1767 5320 321 7363 5086 3968 5583 2588 1134 223 2848 5611 4710 7001 1251 1938 4982 1935 5676 2761 2144 4021 374 2800 4980 7065 6212 1924 3437 3463 6921 4753 2113 274 2522 740 5857 6602 2195 3632 1820 535 4430 2011 6984 5205 6877 6057 5021 2579 6253 5471 1090 1829 2228 1745 2011 4915 688 3294 1579 1068 92 4354 5924 5661 5851 1938 5294 223 3786 2008 1181 6467 6781 1033 172 5775 7186 4980 3066 1206 6212 341 4947 2310 413 2522 697 5864 2612 2113 1334 6921 3310
66 6691 5581 1935 6212 5775 2800 3507 134 374 1206 6315 4600 3437 1924 5891 4820 274 5864 2783 6404 3134 95 1657 1772 4994 7058 2616 1322 3428 721 5347 3943 721 1657 3778 1322 1772 6304 1954 2095 2520 1208
67 6018 5867 3536 3762 7389 3162 5429
68 4961 5937 5217 722 5728 3248 2490 6199 2655 5987 2355 4664 7302 3491 5908 7135 711 866 4204 4910 6456 6656 569 7152 7106 1841 1111 6140 5397 5088 3976 3871 3134 430 3234 5127 7018 6440 5205 3778 1864 5812 1762 7270 3712 1348 6385 2152 5768 3085 5066 4827 4746 327 3724 3115 3940 4026 2279 5248 2714 323 7117 5855 3022 1881 6130 6244 5977 1771
69 130 3968 1024 1767 5835 7363 3732 994 5086 7308 5611 2389 5511 2008 331 172 2588 1832 3736 6467 3705 3274 2987 3919 1181 4710 4725 7001 6705 6380 5972 5222 4178 3952 6861 4824 2567 5516 960 2970 5086 5835 1167 4477 3531 6530 2082 2817 2332 5320 5676 2761 3066 2658 5775 6227 453 49 374 4947 2612 5864 1924 2783 4753 3437 4600 1230 1334 3463 1918 1217 5505 1190 3194 240 5335
70 140 2761 7065 134 1667 247 5314 2679 453 2150 2113 20 3463 274 2612 1334 5857 5864 2783 697 1784 2095 5471 2357 535 1639 5197 2011 3144 3432 5629 4052 1855 18 1772 1639 5471 2447 734 2095 5924 4039
71 1766 3653 4284 6567 2717 351 3344 167 5690 6594 5148 4763 4217 2306 3696 3339 101 6137 7126 1192 141 904 1585 521 5046 3418 1399 1524 1567 5015 5435 1026 4662 3191 76 4780 6916 1519 6377 6913 3155 5206 2746 1572 2913 2107 1949 7325 6486 5336 364 3678 6922 4934 2576 5563 450 6458 5759 1302 2881 6412 30 6277 5308 4953 1693 6175 5999 1978 2059 1617 4887 6745 1813 1507 4915 7088 6722 244 948 4795 2097 7035 1387 6371 303 342 2580 3609 1964 488 6559 314 5265 4593 2508 831 5760 5806 365 836 2417 989 5212 593 6994 1266 177 5534 1175 7341 4134 156 1430 3997 2066 4858 3569 1722 3507 453 2150 2800 7186 5482 4549 7065 2658 3830 3463 1758 3310 5857 697 2612 274 6404 2113 2522 5000 3761 3016 7226 1745 6495 7058 1646 7017 6712 6747 4641 6712 6942 3234 430 800 1784 7154 2095 2620 7088 7122 1552 6609 335 6722 1530
72 2863 5575 5067 2825 3712 4193 5768 2232 4997 3816 2746 816 3417 7243
73 2987 223 1181 4186 4421 5294 3786 1434 172 1482 1439 6012 2140 1355 683 2005 4182 5499 4665 6284 4250 5320 2817 5583 1939 1024 1173 5442 6851 66 49 4980 6212 6424 7065 247 4998 1131 6691 2310 1683 6315 2522 5857 6921 2783 3463 5891 1758 6993 4372 2357 2681 3432 3392 1453 5021 2195 2447 3632 3885 3976
74 2310 1206 4549 374 5676 140 5581 6227 6424 341 2522 4820 4600 5864 2612 6993 3437 274 4753 2390 3134 535 6996 5767 7226 2616 2357 1646 5953 7266 3778 2011 4052 6160 4510 1190 5629 295 7154 6942 2258 2403
75 5672 1173 5485 994 5706 5086 1767 5835 4250 398 4605 912 2987 5611 172 1482 4725 3786 5258 3705 5146 6011 2366 54 2097 2467 5968 2515 5544 5810 129 831 5819 5760 847 6716 427 27 1409 889 4139 7132
76 6851 3531 5442 3732 1767 7109 5086 3739 2026 1939 3705 3736 331 5391 2848 912 6781 99 1414 6674 3066 1935 5775 4625 560 2658 6222 2679 1667 1131 20 5891 2612 5864 1334 5857 697 4753 6404 3437 3234 734 5471 3 6253 45 1950 853 2057 240 800 1925 6712 1855 6495 6509
77 6443 4387 1098 1695 3873 6934 7191 80 167 6567 1468 5540 7394 1192 6387 7305 101 838 6986 3696 2274 5015 1567 904 5046 2472 5214 2089 4438 6466 7238 5237 4662 6442 4267 2517 2623 1776 2594 6377 3784 3417 1344 3155 5336 1949 5432 3238 6486 2373 3818 5288 5093 7085 1336 783 6750 724 5371 450 30 6277 5999 3020 2511 4953 3312 5410 5443 659 2965 6692 6843 4427 5515 5656 4631 565 3212 1987 331 3736 1414 4605 6705 4131 912 4186 2848 5511 2140 1558 6284 5912 2567 3052 4362 2970 683 4034 5583 5706 5086 5654 4250 1167 1988 144 3231 3732 6424 5581 7186 341 3066 140 2800 6212
78 1767 5442 2972 7308 3638 3231 3531 2026 5835 2817 331 5511 5263 1832 4421 4131 1181 2987 627 172 4947 6227 560 5314 3706 5676 49 413 374 3830 1230 4753 1758 2612 2390 4600 2522 1334 6315 2113 1322 6304 2057 4430 5335 3121 2579 430 4994 2447 3761 47 18 2057 3428 6057
79 2817 2026 5086 5442 3732 1024 532 5289 321 3531 1134 6380 5939 5263 2389 912 1251 3736 4725 1414 4111 5391 223 4186 4982 5258 2389 4421 6467 2588 5222 72 7242 4176 6155 5859 6548 5499 2140 1439 1767 1988 1173 7363 2026 6530 5706 3638 532 6851 2310 413 1131 6424 5314 2679 453 3507 5581 5775 1683 3463 697 1924 740 4600 2612 6315 6404 2390 3392 3432 6649 89 2569 6440 6602 1925 3428 5687 5505 2095 1190 2681 3144 5953 47 6253 1918 5131 1380
80 66 2817 1939 7109 321 5289 5672 5086 3968 994 4710 1134 1832 7004 1795 5258 4886 2389 4186 1033 1414 7001 6674 6467 2008 2987 3274 4186 5258 223 5972 1215 7242 4034 6087 6284 4178 960 72 3969 66 5583 3739 2817 7308 2972 5835 3968 532 130 6691 5482 6424 3706 4980 3313 49 134 374 7065 3310 4753 2612 1683 1758 6404 2783 3437 6315 6921 6501 5335 2357 6397 2681 3675 3432 4052 136 295 5335 1639 3194 5175 1453 3555 959 6304 1784 3432 5877 2403 6850 7254 3571 5932 2944 4078 5051 5924 2987 6467 5263 172 1938
81 2679 5314 6212 2168 6222 2761 2800 1935 2150 4549 274 6993 4820 3437 740 1230 2612 2522 3463 5864 3871 2011 6253 1950 4372 6806 3121 1925 2057 1190 2095 6962 6996 1453 102 4052 7266 6649 5347 6747 5932 4486
82 3638 3739 5289 321 2026 994 398 1939 7363 4099 4421 4982 6380 2389 5511 1414 5258 4111 1482 3786 3706 413 247 374 1206 2310 5314 5482 341 1131 5229 4753 6921 1924 1758 6993 6404 1230 1683 274 3555 1453 5347 7051 5953 4878 6806 4372 3778 4539 3134 5127 102 1090 6877 2447
83 532 66 4477 1720 5706 1024 321 1988 1173 5289 7004 3736 5511 2588 4605 3786 5263 912 2389 7001 111 805 6588 2483 2780 379 5630 6394 5165 6077 3544 4780 4234 7253 6797 6916 5237 4365 4662 3258 1434 4710 223 5263 2848 7001 5294 6781 1795 5258 5499 3052 5859 4830 683 6548 4178 2381 1751 4709 3231 5672 5485 7363 130 1767 3739 5654 3968 6851 2800 7065 1667 4998 2310 5676 4625 2144 6691 49 2113 2390 6315 1924 5891 20 5857 3437 697 1334 18
84 1786 1000 2509 5832 4833 1220 2840 2445 3248 6525 5961 7211 1721 3804 7210 1678 5525 2355 37 6822 3646 5528 4070 2307 5411 6656 5397 7062 4569 569 5953 5687 3675 3885 5347 6253 959 1453 3121 4641 4193 3328 6027 1499 375 7221 956 4243 190 157 4325 6037 1611 327 7290 1768 2980 4746 5248 1610 1221 5363 5150 6615 2025 5855 924 6122 1881 1014 6528 259 2243 2700 6173 2302 6050 3305 6224 5849 3920 318 2348 3586 100 3202 7173 2177 624 6288 7175 1030 6552 1601 3842 4889 1191 6545 1136 4902 2800 2310 2761 3313 5314 3507 140 134 1131 2679 3437 1758
85 6851 532 130 5289 2972 994 2082 4099 1173 5320 1434 5294 6467 3705 2987 4725 5263 6380 4605 7004 3206 3407 5279 6819 4785 4577 4378 1984 918 6504 4780 6983 1776 3935 76 5237 4267 4662 6797 5356 3413 112 3397 3058 4785 4205 379 2476 5962 5839 535 6160 4430 430 4539 800 7226 6962 3555 3165 351 1098 4387 5094 3269 2833 1802 3873 6443 4275 6013 5392 4217 7126 1252 7394 1783 310 40 6462 2696 3796 1851 3139 2384 1475 904 4348 1524 521 1072 2517 5211 4267 887 2594 5435 3191 4780 4031 2107 5959 4705 4694 1304 6884 1329 3752 2746 3641 6193 3523 4696 6458 1174 783 6750 43 4818 4699 1358 4071 6175 5443 6663 1565 1426 1548 4638 5410 4059 1065 2785 6636 7303 3986 4915 2654 5426 1823 1181 5511 5391 1434 1938 5294 4339 1414 1251 4710 4034 6548 2005 5912 234 1751 5499 6155 4854 5222 2817 2026 4477 3231 5835 3739 1173 1939 6530 1167 2761 5314 6222 134 374 2679 560 6424 6227 247 2612 1230 6404 4820 4753 2522 6921 740 697 2783 5197 6942 6304 102 5767 3101 7154 6806 1371 3976 3 5953 95
86 2150 2679 3313 6691 49 560 2168 341 5676 7186 2113 4600 3463 1334 5864 4820 5229 3310 274 2612 853 89 5471 1784 721 6877 189 1217 4430 827 1453 2447 6641 1190 2438 5641 3234 5197 1918 240 4793 4631 797 2280 3986 1244 1507 3539 4486 2654 4339 4111 7001 3786 3462 1134 1938 1795 223 5611 134 3066 5666 6222 1667 2800 2168 3830 1206 6691 2783 1683 1230 2522 1758 3437 6404 1924 6921 1334 959 4372 6501 295
87 1131 5482 7186 1667 2679 4625 4947 1935 7065 4021 4820 6993 740 4600 5864 5891 2113 1683 3310 697 3144 6984 2819 1646 3392 3432 24 1639 3836 3976 3165 4994 1829 3836 1934 6406 1639 7051 5026 2357 1987 4887
88 5676 5775 2658 560 1206 49 6212 1935 3066 2310 3437 3463 2522 5857 4753 6993 2783 1758 20 740 3165 5205 1925 7058 3432 5953 628 4052 6397 1954 3101 6641 3836 6877 5026 240 6057 295 3675 4430 2037 1507
89 1024 4477 5442 4250 1988 7308 5928 144 130 5485 3736 5258 3274 2987 223 4131 331 4421 1134 1181 6499 4577 709 642 3708 2780 3216 1315 5224 4943 4052 1950 853 6440 5175 7018 5197 3632 5127 3249 5868 7191 6594 6567 88 3873 4387 1802 5121 5310 101 3852 3192 3509 3729 1192 1783 3813 1468 838 2384 141 2696 2139 1585 1851 1475 2647 521 3738 86 6797 4320 5850 3237 3446 4234 7166 3236 1328 1572 3817 3106 7325 2686 3784 5206 1442 1114 6419 649 7085 3954 770 5102 5846 450 6817 6276 6709 2881 5084 382 4303 1358 4162 1565 30 2998 1548 3534 335 6576 4376 5998 4035 1642 4432 5009 1406 1181 6091 2987 4605 1795 331 1414 5391 4111 4421 4854 7242 2567 1047 6012 3969 72 5859 960 1782 5928 1167 994 6530 532 4477 5706
90 2761 3066 560 4625 2800 1206 2168 6212 2658 6691 740 4753 3310 2783 1924 2390 5857 6993 4820 5864 5641 3488 2569 6712 3141 6641 1829 2438 3 7266 535 7154 1918 3016 2695 3141 527 1772 1954 2228 6118 5779 981 6426 635 3704 5031 404 565 1380 1134 2588 172 4710 3919 627 3736 3164 5511 5391 2588 6705 5611 7001 3462 5511 3164 3919 2848 4339 2970 6012 4987 683 4034 7242 1439 6087 1355 5912 321 2817 5706 5835 7308 2332 3968 1767 1988 1939 247 4998 5314 7186 2150 1935 5581 4980 6424 49 1230 3437 1758 2390 6993
91 5442 7109 1167 2972 2082 5086 994 3231 3638 4099 1434 5258 4710 2848 5294 3919 6380 627 1795 5511 2761 3313 560 4625 3830 140 4947 2310 3507 3706 697 6993 5891 4600 1230 3463 5857 6921 274 1683 6495 5471 6871 1950 47 1190 6509 2380 5505 4510 2616 7266 95 3488 5127 3392
92 5485 532 3638 4250 6530 5672 5928 66 1720 3231 5258 3462 912 4605 1134 172 5294 1795 3164 3786 3058 1960 3426 3797 6819 1984 1842 3413 6668 5920 4780 2594 3935 86 6916 5237 1519 1026 6145 2623 1181 3164 1414 3736 6091 5611 3462 7004 7001 6705 4709 1945 278 4824 1782 4987 2140 72 3952 3052 5928 3968 5320 7109 2082 5654 1988 2332 4250 1720 560 4947 5464 1131 341 4998 2658 5581 3313 5775 3463 4820 5864 2113 1334 1683 5229 3310 2783 697 3761 5205 1657 1371 3165 1918 4372 6877 3885 3377 1090 1784 3532 136 1820 3194 4430 3632 6509 5471 2059 1737 3986 4719 4059 6156 5998 2280 117 5877 1414 6467 627 6380 4982 7001 4710 1033 5511 3919 3706 2310 134
93 1988 398 4250 2972 5320 6530 1173 5289 2332 6851 1832 4131 1251 4725 4605 331 99 5611 6705 5511 5775 3706 1935 2168 3507 6424 5482 2658 4549 2144 6921 4820 5229 1924 3463 4753 5891 274 6993 3310 4430 6501 3675 1820 628 5767 6942 1639 5197 47 4994 1820 1772 1925 240 5000 3943 1745 1090 3234 7315 3054 512 6156 3294 5788 6725 4009 1778 7254 1251 3274 2389 99 5294 4421 4186 1832 7001 2588 5810 2097 2922 7035 1289 5544 4686 2580 6011 1092 153 488 4979 1404 1076 847 5819 6852 6493 6559 5771 3228 2199 593 12 1009 206 2283 4079 4370 5783 4446 7383 2844 1575 3922 5744 7420 2066 5645 912 5391 3164 1795 2389 6674 4111 7004 4339 172 2970 4665 1751 5222 72 4362 4824 5499 5652 6069 1939 1173 2817 1720 5928 7363 5485
94 3706 2310 4021 6222 2168 6212 1206 140 374 2800 6315 5864 2522 4600 20 274 2113 6404 4820 1924 800 240 3 721 6984 24 1829 3121 5629 7154 24 6501 136 95 7154 734 2569 1745 2095 4510 5851 1062
95 1024 1167 4250 3968 532 3231 4099 130 3732 1173 1832 5391 3164 2008 1795 6467 1251 5294 2848 3919 1660 6819 2607 5393 1984 6588 4005 4577 2537 5962 2195 5005 3121 4372 4994 5505 3194 3532 102 3885 4725 3919 6467 4111 5511 5258 7001 2588 5263 331 1782 3052 4854 3952 2381 5225 1439 1558 4182 6087 5485 7363 5086 4250 321 2972 1939 130 5835 994 5581 5464 3066 6222 6227 1935 453 1206 5676 1131 1334 4600 1230 697 5891 4753 2390 4820 6315 2783 6057
96 5289 1988 5928 66 130 2026 398 4099 1024 7363 1134 99 1033 1434 4725 4710 5611 223 5263 4982 4549 4625 7186 4947 4998 6424 2800 5666 134 6227 20 2612 6921 2113 3463 697 1758 5891 2522 274 7326 3101 1090 628 1934 136 6712 6509 1657 3121 3871 734 5335 5347 3134 1646 45 1934 6984 6649 406 1617 5932 2534 6745 5031 5877 1273 3589 1813 1795 7001 5611 2389 1414 3274 4725 4421 3736 6705 2040 2771 6407 5146 948 2366 1723 54 2097 269 4566 1311 5819 6878 6703 6716 900 4474 6493 5311 2417 4139 365 593 2726 7327 6736 5278 6473 2878 3878 2066 1625 1430 4367 4727 2316 5645 411 5744 6091 5939 2848 4886 4710 3736 1434 2008 2588 3164 4178 1355 6087 1782 4665 6069 5222 2005 6012 1945 321 130 532 5086 144 3968 3638 5485 3739 398 49 6222 4980 5314 2761 3313 6212 4998 247 5676 1924 1334 697 2113 5864 5891 5229 6404 2783 3437 721 7226 6304 2011 2695
97 6424 7065 413 5464 2150 374 5666 4947 5676 3066 2390 6993 740 5864 3310 5891 2522 3437 20 5229 7018 1925 3144 4510 3555 3488 2438 189 3101 5026 3234 6440 1829 1646 5347 7051 5005 4372 102 5471 2222 4384
98 5676 6691 1667 2168 5581 4625 6212 3507 49 2761 3310 2390 2113 1230 4753 6921 6404 2612 5857 2783 4539 3778 5687 6806 7051 6602 3871 5953 2095 5127 2057 853 3943 3234 6871 6641 6160 1453 3377 734 6576 3197 4451 1813 4403 2524 1552 4915 3722 6745 4111 5939 6781 1795 7004 4982 6674 4710 4339 6091 4625 4549 1131 2310 247 2150 4998 6222 6212 2761 5864 3310 274 6993 6921 4753 4600 6404 5857 1683 6397 6509 189 3234
99 2870 6504 918 774 4564 3397 3618 1513 7190 1315 1322 1784 3871 4641 6962 6712 3943 5021 1855 5175 5676 5314 3706 2761 6212 6691 4980 413 140 7065 1334 6993 1230 2522 4820 3463 6404 5864 697 2113 3976 1090 6397 2095 3871 3016 7051 89 95 6996 3778 47 2579 6509 2616 3885 5767 7266 5471 6160 1825 5425 4821 705 3539 515 1987 4039 2715 565
100 1720 5706 6851 4250 144 321 3968 2026 130 3638 7001 4339 1482 4982 2848 1938 6467 6380 4886 5258 6708 4785 6499 5303 5839 4756 3271 4019 4205 1143 6797 7253 826 5237 3258 1519 3237 76 7238 887 2537 5303 3677 3618 6639 2146 6835 3271 111 1143 45 189 827 2819 3488 4994 2616 2681 5347 5197 3344 1695 4275 2717 1325 1098 6567 6594 6934 1766 5657 5148 6986 310 7394 40 3813 5075 1471 6593 1567 141 2472 2089 1851 3928 3738 3796 1399 4438 6913 3446 175 86 6442 7166 4320 4031 5356 5435 2746 2107 7325 7243 2373 4335 2686 5206 6444 4694 3954 7192 4934 5102 4109 3750 4764 3176 3840 7142 5443 3312 2511 1426 1548 1899 5221 2904 6353 4162 1274 75 38 6836 3049 6843 1065 244 5433 4059 4611 150 7025 6525 2610 3248 1786 1000 2241 3921 5961 225 5018 5461 6365 2196 5593 7210 4204 3117 3443 6678 3566 5528 4569 5721 6456 2121 3542 1111 1453 853 1657 1954 4878 3141 6304 6397 4510 7226 4784 6834 4648 103 2153 5492 1239 122 1906 5610 3724 1768 902 4414 1573 3764 283 4703 5066 6468 2578 924 3868 6122 1771 4228 4675 2714 5977 854 3196 6528 7174 5849 2243 656 1498 3131 6812 1958 2177 6554 1508 6040 318 6860 7173 7011 6373 3586 493 1030 3890 4808 4038 6545 3053 4125 4055 674 4982 4605 1251 223 1938 4710 3786 1482 912 7004 6155 5222 6087 2381 6069 1215 4854 2567 7242 3969 5928 994 321 1720 5442 4477 3732 2972 3531 3739 3313 7065 413 4625 140 49 4021 2168 134 6222 2522 3463 1334 3437 6993 4753 5857 1230 2783 3310 7154 2616 6602 430 3234 5347 6984 6871 7017 3632 5471
101 4477 5289 130 398 5835 2972 532 3968 1024 5654 4421 3274 2987 5294 172 4186 3919 331 1251 1414 2658 3706 374 6227 560 247 7065 3313 453 6424 1230 1683 2612 5857 5229 4753 1924 2390 20 6921 827 7154 3836 4052 527 535 5347 6501 1925 6253 5335 1855 5687 6397 1371 5471
102 3231 144 3531 7308 5086 4477 2026 5672 6530 1024 5263 6781 1181 99 6705 1251 5939 5511 6467 4131 1667 2310 6424 247 2658 560 2800 6212 3706 5314 1758 2783 5229 1683 3437 1230 3310 2113 697 2390 4539 45 5021 3121 2447 7226 6160 3532 5335 4052 7226 4372 5505 430 7018 5687
103 5289 3732 532 2817 2026 7109 2972 5672 3531 398 1482 912 3736 5611 3274 3164 2588 4421 2848 331 560 6691 2761 4998 5482 4947 5314 140 6227 4549 697 4753 2113 274 1924 740 6315 1230 1334 1758 7018 734 6984 3249 3141 7226 4641 6712 5175 3836 6996 4641 3 3249 2438 7051
104 3507 1667 6222 341 1935 6691 4021 1206 560 4998 1758 20 2113 3463 697 3437 5891 740 5864 1924 5000 47 2616 6962 1855 1784 1217 5347 24 6712 7058 2569 2819 3778 6495 5000 5767 5687 6877 1950 2965 1416 2524 6843 2295 7073 688 2503 4879 3109 5263 912 1414 2008 4111 4421 3786 4131 2848 2389 453 2144 4549 5775 7065 4998 4021 247 2658 3066 5864 6404 4820 6921 740 5229 1334 1683 5857 6315 628 6984 3761 6397
105 2082 3638 4250 3739 3968 3531 5485 6851 5442 7308 1832 4421 1482 5611 2848 3462 5939 1134 6705 3736 3676 4577 729 805 2321 3216 6076 4785 5929 2351 1784 7154 4510 240 4994 959 7226 1190 1322 3675 2168 7186 341 4998 140 5314 2800 5666 4980 5775 6315 20 5857 1334 4820 5891 2113 740 274 3310 1646 6057 7154 136 24 2438 1829 1217 2011 6877 5687 6406 3555 2357 1646 1322 3761 4994 95 6440 2787 2715 3722 3179 995 1607 4403 6156 5323 608 4131 5511 5939 3164 1434 2987 2389 6705
106 4686 1723 2580 2194 54 2201 2736 2922 5810 2040 6878 4593 1076 5806 153 831 4195 359 2969 889 6305 4079 2989 3183 989 5490 6473 1440 3802 2417 4470 3379 5783 4442 1722 381 1430 5559 5645 2003 2888 2836 2829 3440 4304 4846 3663 6585 5903 1039 6975 1966 2459 4695 3005 3450
107 4564 2476 5600 4517 3407 2539 2537 112 5494 2321 86 6442 4031 175 6797 1566 2517 4234 7238 6916 3126
108 3638 2972 1720 1939 66 1173 994 5672 5320 3739 6091 5258 5511 3462 1181 4605 1795 7001 1251 4982 111 5839 1984 805 4943 4564 1660 3058 187 379 4780 1026 4320 175 6797 6983 4031 86 6377 1843 4323 2097 5968 1412 2736 7066 107 3749 2194 2515 5265 831 6493 6878 4474 5345
109 3531 5442 398 6530 321 2817 5835 5706 7109 2332 4886 4982 99 6674 5391 7004 6705 3274 5258 627 2870 5630 4019 3708 1454 938 7295 2581 3242 4943 6747 6996 3632 6406 189 5175 7266 959 102 5629 948 1412 2922 3749 2771 2366 1723 6371 2544 7066 6703 2508 27 427 5163 314 2397 1345 4474 1319 6920 306 5212 5278 4711 7259 5534 7327 1266 5487 6489 4442 2066 3266 5448 2003 5955 4976 4208 1792 1667 7186 49 3313 453 2679 2144 374 5464 3830 1758 5891 740 4600 6921 2612 4820 6315 2783 274 5335 2447 1925 800 3885 3761 2695 6304 4510 1820 5131 5005 189 2681 3165 4539 2695 827 1784 6304 2520 6722 7050 3799 4059 5031 1274 5714 5323 2222 1134 4421 6467 5391 1033 3705 4982 2008 2987 4605 4725 4605 6091 3705 2848 1414 6781 5294 3274 5258 4854 4830 5912 1439 1801 3052 2381 5222 4182 1047 144 3732 7308 5928 5320 4099 321 5485 3231 1939 413 1206 2168 5482 453 140 3706 4625 134 374 6315 5891 2113 3463 6921 20 1230 6993 4600
110 3164 7004 1938 6781 1795 2389 2008 4421 1134 4186 6139 592 2140 4987 1801 1047 4830 6012 4854 683 3732
111 1988 1720 7308 66 5672 1024 1767 5583 532 4477 6380 3786 5294 4131 4339 7004 2588 3274 2848 2389 5676 6424 2168 374 453 49 413 5464 2761 2150 5857 3310 1683 740 6404 5864 2783 6921 3437 1924 3134 1745 3377 3885 2095 3234 2195 527 7326 1217 827 1934 2357 89 1190 5471 2057 2011 2819 2195 1380 1615 512 2654 797 4009 2059 1507 71 3722 1251 5611 5294 1414 4886 1134 1434 4339 3462 2008 342 4795 2097 582 2366 2736 2071 7066 1412 1289 5819 1311 6716 6703 4195 27 4474 6619 889 1319 5771 7132 1009 3802 4079 2726 4370 177 6994 2283 5448 3379 4218 3409 4704 6062 459 5568 5955 7341 223 3164 6467 331 3705 4421 6091 6781 1251 5611 6861 7242 1355 4987 6548 960 6139 4665 5652 4824 1024 5485 321 5928 5289 6530 130 5583 144 2026 3066 134 4980 6227 5676 5464 2658 6424 453 7186 2783 3310 6315 5864 20 6921 5891 1230 2113 2612 3428 3532 3141 1371 1745 3885 6057 2579 1950 6962 3 3165 2095 5335 3885 2357 4066 5767 6440
112 4710 5294 1134 4982 6380 6467 3705 6091 3919 172 6861 592 2567 1355 6139 4854 3952 3268 1782 2381 130 3531 5654 321 2026 6851 6530 3739 3638 7308 2658 3830 3507 1131 6227 4998 3066 6424 3706 4625 3463 3310 20 1924 4753 6993 697 6315 4600 5229 6440 2011 102 3428 5205 1925 3778 1784 2579 628 95 3943
113 2658 247 6227 3830 5314 140 1206 4021 134 341 740 2783 3310 20 3437 6921 6993 6315 1230 5891 1217 7058 6440 5021 3976 2095 7017 6495 430 3428 1918 7017 1950 4066 2569 1322 3555 136 6649 2681 3308 4719
114 2972 3231 6851 5706 3638 1939 994 5672 4250 3739 1938 3462 4725 1181 172 2848 627 5294 4111 7004 4564 2321 2581 112 5303 938 2607 3242 7177 3407 3632 2228 827 240 6602 3675 18 3141 5687 5335 1404 1076 6559 2508 5760 4195 6703 314 831 2969 140 2310 7186 413 5581 5666 2144 4625 4549 2150 3463 5229 6315 20 4600 2113 3437 2390 1683 4753 3141 5197 7017 6712 527 6747 1772
115 5583 5706 1720 5320 66 1939 6530 398 1024 3231 4710 2588 7004 3274 4725 1795 2987 912 1134 2389 2097 1387 5544 4230 2201 5968 2194 948 2515 54 6493 5819 1311 1964 5760 5345 4447 5311 6878 2397 5534 6305 2912 4370 5278 6391 5490 3802 2878 1009 6787 4218 2477 7301 1625 4727 2204 5783 1430 6489 4947 2150 4549 560 1935 5666 7065 374 2310 2761 4600 2522 6993 2390 1683 20 6921 1758 697 4820 734 6871 6996 5335 7058 3871 2616 6602 3675 6877 3428 6806 4994 3392 2695 4878 3016 6509 6602 5335 797 5137 7130 6836 3109 7088 1617 5425 3294 981 5939 4131 2008 3919 3736 223 6705 2987 4710 7004 5464 134 49 7065 560 3507 6691 140 2144 3313 20 5891 5229 697 4820 4753 2783 6921 2522 3463
116 6465 3271 4810 5393 5303 2780 5962 3397 68 3708 3935 3989 1328 7238 6913 6442 3236 4662 3237 6377 5939 7001 3164 1795 172 4186 6781 1434 3274 1181 4854 1047 1355 4178 4182
117 4019 6196 6394 3447 5165 4028 2476 5630 2687 324 3446 1072 4662 4234 1843 86 175 5850 5356 3258 1505
118 2972 994 5672 4477 1767 66 3739 7109 3732 5583 7001 1414 4186 5939 6674 6705 2987 2389 4710 4111 560 3066 6212 7186 5482 7065 4998 2150 1131 3507 5864 1758 1230 2612 6993 4600 2390 1924 1683 4820 5641 2681 7018 1657 1950 1453 1745 6806 3144 5335 2011 1954 1772 4641 5021 4066
119 2144 6227 1131 4998 341 2800 6424 5314 413 453 2113 4753 5891 6315 697 3437 20 6921 2390 2522 1639 6501 5026 3016 1646 3101 1925 5197 1217 4539 1925 3 1090 89 3432 1322 24 1772 5021 1371 1356 1850
120 5839 1143 6465 7295 187 4517 2607 3618 2321 6957 2623 4320 4267 86 2594 5584 3191 5435 887 5237 309
121 5835 1988 144 2332 1767 3732 532 5583 3531 5706 3919 6781 1181 3274 3462 4886 6467 5294 5258 4186 2771 5810 2040 107 347 1723 948 5544 6011 3609 129 6559 314 7230 1311 1076 6619 427 4195 488 6451 4978
122 1414 3462 7004 5611 1434 1832 6091 5258 5391 4421 6087 7242 5225 2970 5859 1558 2005 6059 4987 2140 1939 1167 5485 321 130 5320 5442 5654 398 5928 5464 6227 7065 247 2144 7186 49 4549 5676 560 1758 4753 1924 20 2612 1334 5229 5891 740 5864 1934 5205 6712 4994 4510 3234 2057 827 1820 2011 7266 2380
123 398 5086 7109 1939 4477 5320 1767 5672 532 5289 4111 4605 4131 5391 1414 6705 3274 5939 5263 2008 2351 62 5494 1842 5393 2581 4786 5164 1574 3087 4539 3249 189 1261 1950 3675 3943 1371 628 5347 413 3830 5482 7065 5676 2800 49 453 2679 2144 1758 1683 1334 20 3463 6993 5891 1924 4820 274 2011 1820 1639 6501 5021 1934 5127 7018 6871 1954
124 2082 1167 994 5289 7363 3638 1173 6851 5442 3739 1414 3462 2987 1181 172 4131 5391 4421 1482 1251 49 2800 247 5482 5666 4021 6222 5775 413 140 6315 5864 740 1758 2612 6404 3310 6921 2783 6993 5347 5205 6962 1829 3761 6877 3144 1657 3134 3165 7018 3488 5205 2579 3234 1090
125 3968 2026 3732 2082 1720 1939 398 5086 7363 5672 1414 1795 5258 4186 6091 7004 1832 1434 2848 3786 4998 6691 247 5314 413 3066 134 2761 1935 2144 6993 697 5891 740 3437 274 5864 1683 6315 6404 3432 6996 3144 189 5335 89 6160 1090 295 3675 4372 4539 3377 189 5000 3836
126 3274 4339 5263 5258 4710 2588 1795 1181 4111 1134 1801 6059 6069 4830 2140 4362 4854 6087 4987 5499 3638
127 4947 2150 6227 5666 2144 4998 5775 5464 3066 2800 740 6993 4820 5891 1683 6404 20 4753 4600 3437 3194 3532 800 47 3101 3249 2011 7266 6649 5505 1745 5000 2095 5767 3392 1950 3488 527 6253 5687 5031 2100
128 5775 247 6424 4980 374 5464 4625 1206 2761 3507 740 1683 2522 6404 5864 6993 1230 4753 2612 2113 6996 7051 800 7154 5127 7017 1190 5687 3016 827 2357 4066 5953 5505 800 6501 4510 2579 6509 7051 3986 2540
129 2817 7363 1767 3739 1939 1720 5583 4099 3638 1024 1795 3274 4186 1938 5263 5391 6705 1181 4886 1134 4111 912 7001 172 99 1181 5939 2848 1434 1795 6155 1355 3052 1782 5516 4987 6284 6861 5912 2381 5485 5320 4250 994 5706 3531 144 1173 5583 2332 7065 2658 4549 1206 2679 49 5775 6222 247 3706 1758 1924 2612 20 2390 2522 274 2783 740 2113 6942 959 3392 6304 853 3943 47
130 709 4756 1315 6196 5100 2539 1574 938 6708 1513 1328 1026 4365 3237 3191 5435 7238 4780 3236 2623 6018 3047 5429 3126 1106 6481 201 6000 2256 5382 2483 6303 1604 3618 5164 728 5929 187 4701 3413 4372 2095 5953 5026 535 6806 3134 2695 1855 6057 431 3006 3248 597 877 313 2758 4401 6755 4399 584 5593 5018 6586 159 606 5634 1678 5961 7210 3542 3934 2619 2491 1860 5602 4972 1841 5640 951 2011 5687 3675 5197 5021 45 7018 3234 6160 1855 3354 3816 5167 4453 3393 4784 5577 1081 7143 5636 6037 283 3724 2279 4026 4325 1611 4469 4414 327 3022 5363 1881 924 5150 275 4228 2143 1862 2254 3196 2243 1958 6050 1993 3501 4434 6325 311 5849 2177 6860 6288 7011 6554 4373 624 100 6373 1078 2831 4712 1465 3862 1191 4125 3822 880 2210 98 4605 1938 4982 5258 4186 1033 1482 4339 627 3736 6548 4362 4824 6069 683 1801 2381 960 1439 1355 2817 5442 2082 5289 5672 5583 6530 4099 5706 3231 5666 2679 4625 6212 5482 2168 5581 4947 2658 49 5864 6315 6404 2783 1230 2522 6993 274 20 2612 4372 800 5767 1855 2011 1745 1772 5641 2569 2616 721 5687 3675 6253 3101 800 18 5197 6942 136 4631 335 2787 1615
131 5583 2972 5672 7308 5320 1720 1167 4099 7109 144 5391 3736 1181 1795 5939 6467 4111 4421 3462 1033 2008 5511 4725 3919 4421 4131 6467 1414 2389 4886 5972 6087 5044 683 6012 4665 592 5499 6861 6548 144 1720 3739 2817 3968 5835 5442 398 2082 532 4021 5581 453 2761 2168 140 4980 2800 1206 5676 4820 6315 2612 3310 274 2783 697 4600 1334 1230 6406 3885 7154 6641 535 295 6984
132 398 321 2972 6851 2026 5928 2332 1024 3968 1939 1938 1181 1482 1251 6091 5611 1033 4982 627 4339 900 1345 1404 5345 6703 1319 4447 27 1409 6852 1667 453 2310 49 4998 3830 4947 5464 374 2800 6404 4753 1334 3463 2783 1683 3310 5857 2522 20 295 6253 3836 3885 1646 3165 1453 4510 6962 1772 5026 7058
133 5442 1767 2082 5928 4099 6851 3739 532 5320 398 172 1482 5294 1795 4131 6467 4605 7004 331 4186 1996 5987 399 2241 7025 150 4932 1370 3843 4646 3804 4581 1721 1588 5967 4204 7210 3203 2974 225 1111 2777 5791 951 3693 2307 2121 1321 7237 5397 2195 1657 136 1261 5347 45 24 6984 6649 1453 1081 5167 343 1499 4997 5287 1170 5492 1864 5610 3115 4703 1610 1573 4469 3724 7290 7003 4414 4746 2601 5855 6185 6779
134 5654 532 7308 3638 5706 321 144 3231 2082 130 6674 4982 7001 3274
135 3462 2008 4710 1414 3736 912 2588 6380 223 99 4987 1782 5859 1439 6087 6861 1751 2970 3268 5225 7109
136 877 1370 4961 7264 6518 3423 464 7146 5588 6525 4910 6365 6999 4513 711 5872 5967 37 5634 6679 6656 3566 3542 109 4744 6678 1169 3906 3746 5088 5005 2095 3943 5471 7226 1855 3121 102 3885 3165 7221 1882 7020 1348 4901 5287 5090 3354 5577 956 1610 2980 5239 902 6468 4469 3764 4746 7290 283 5400 257 6615 6130 1862 5050 1961 4228 6185 2025 821 1677 7174 1313 3131 2437 6812 469 311 656 2348 6554 5811 100
137 5706 398 7308 994 532 321 3739 1939 2026 4250 4605 627 3736 3274 6091 1482 6781 4710 4339 4886 1131 4998 3066 5676 3830 4947 3313 247 341 5666 697 274 5857 3310 740 4600 6921 4753 1758 2612 2357 2228 295 24 5197 6160 7226 1855 2057 6253 2438 89 3377 1261 189 6712
138 1024 1767 1939 7308 5289 5320 532 3231 6530 5654 223 3274 3462 3786
139 3732 5706 7363 5654 7109 3638 5583 6530 7308 5442 1134 2389 7004 1251 4186 6781 5511 5258 4421 1414 3271 3447 6668 3407 2607 918 5165 7177 2321 2537 6253 2095 3194 1190 295 3432 4066 6649 6440 1657 5314 4980 5581 49 1131 6222 6227 4549 2168 2144 3463 1334 6921 274 1758 1683 697 6993 5229 1230 2681 7326 4372 3101 24 1784 3144 5127 6501 1322 1371 4641 3871 189 6440 3761 3377 6495 2569 3675 2084 4883 5426 6435 797 2037 5515 5486 1068 4384 627 1033 331 2848 1832 3919 3274 5511 1795 1251 4932 2385 4640 3843 313 4731 885 1462 2182 4274 1704 1419 225 4022 4204 4831 37 5739 5908 2369 5604 4547 2891 4972 3746 3157 3566 7152 1841 4170 5347 721 3432 189 3761 535 6509 1453 5687 6962 4193 3306 4799 2473 5167 343 5555 190 4784 375 5248 1610 4414 3115 5239 2279 283 3764 4325 4827 6244 1054 46 5050 1708 2143 854 5363 6130 6615 4938 1958 7174 4380 259 7344 2902 6050 1313 2302 2348 4373 624 3202 5381 3586 1078 100 3920 6860 3862 3688 4624 6545 4808 3890 1465 3842 6664 5761 1134 2008 1832 5511 1938 5263 6674 1181 3164 2389 4709 4824 4034 5222 4176 5912 6012 6155 2381 5225 5289 5706 6530 2332 2972 1173 3531 3231 5320 1720 7186 341 3313 560 4549 4021 5482 7065 3830 4625 5891 5229 2783 2522 2612 6993 1683 1334 6315 6404 47 2357 800 3488 5175 3144 1855 4641 6253 721 1090 2819 2438 5205 535 7326 2057 4052 3 1646 2106 25 4451 1406 6110 2715 7130 1987 515 2403 1033 1181 4605 4339 2987 1795 1434
140 6389 4010 1937 14 5598 5770 5914 7319 694 1587 5835 1720 7363 5485
141 6424 3066 3507 2800 2679 1206 4998 2150 413 1131 4753 2390 4820 3463 5891 4600 6993 740 1334 1924 5687 1829 3871 535 7226 6984 4994 3555 3234 295 3016 6406 6871 1829 6253 3194 3377 3976 1657 6160 2620 6472 2670 6745 5433 4389 7050 5009 5924 5965 4131 2588 7001 6380 3164 3786 2848 2987 5263 4982 1832 331
142 5164 4785 1660 3407 324 3797 7295 6076 709 1574 1090 1855 1657 1190 136 47 189 3532 5347 3016 341 5676 4998 6222 2679 1935 453 4021 4980 3830 1683 20 2113 2612 4753 6993 3463 3310 5864 1758 2616 4052 6160 3555 2438 5767 89 2569 6871 6806 6747 1954 1090 3121 5131 3165 3555 800 5641 2681 2766 2534 1068 3986 5932 7088 3294 3054 2106 5779 2389 2008 4339 7004 6781 1414 5939 5294 1134 1434 5775 2658 3706 247 1206 5676 3313 560 134 3066 1683 4753 1758 1334 6315 5857 3310 2522
143 5320 3968 532 5672 7109 2082 66 3531 1767 1173 4982 3462 1434 5258 1482 7004 3705 1134 1251 1181 7191 1147 351 6197 167 6443 5094 1806 4080 966 101 4977 6137 6013 6204 7108 5148 3925 2560 3339 2274 5214 874 1851 5015 3738 4348 904 141 3928 6442 3365 76 2594 5584 5356 5850 4234 6377 1026 4472 622 2373 7325 5206 1442 1572 3641 816 3304 2053 1995 6415 5556 993 3931 3818 4109 3176 7142 4953 5084 5221 2224 5410 2290 543 286 4162 1358 6118 3589 5009 1631 3197 6156 1987 4427 4915 4620 6212 6424 4998 4549 247 341 2168 6227 413 453 3310 6404 740 1230 274 3437 1758 4600 1683 5891 3234 6877 95 7154 4878 6160 6871 3943 240 6641 2569 2695 5021 24 5641 5205 1820 3165 2579 1322 5705 6156 6472 1825 1813 4486 1778 2620 6692 1921 4605 627 4421 2987 5939 6380 6674 7004 1434 3919 2097 2366 2201 2544 269 3609 54 5146 5810 128 6878 129 1409 5163 5311 1404 6559 889 900 6703 2920 6056 4139 7132 1266 306 2804 2726 7259 4711 2861 3878 1575 381 4579 6062 5481 4446 2116 4208 2479 1479 2241 3457 5777 385 4773 1786 1797 3921 5908 5967 4022 1292 3117 6586 5593 2974 2355 7276 4173 3746 3934 940 1503 741 2820 6656 3757 3542 6057 1784 6160 3101 5197 3836 5127 3885 3165 6304 3085 5167 3436 4920 2611 4661 343 2232 122 1762 1573 6037 5239 283 1611 1768 4325 5248 2849 5066 5150 1881 5400 1771 2578 5977 323 4424 854 1470 1958 2302 6436
144 1024 2972 2332 398 2026 321 3638 3739 532 7363 5258 5611 1832 2008
145 3968 4099 5086 7308 5654 5672 66 3638 398 3732 172 2008 1181 4982 331 4886 5939 3786 1795 5391 6407 2515 6250 1412 5810 303 2194 3749 2544 269 5265 7230 6703 1964 1311 3847 5819 900 27 1345 180 4139 12 7327 7132 6736 1266 6179 5278 4370 2633 4134 4704 4367 4727 3977 110 4858 4208 3266 3411 6425 3921 701 3500 5217 2241 6199 5777 5123 37 711 179 3756 7135 1678 1721 1045 5461 3203 569 2619 3906 1198 3646 7237 185 5088 2556 5528 5205 3141 6871 5629 1925 6806 5767 853 6160 3194 3712 4728 190 3328 2214 2378 7020 2917 157 2886 4827 3115 3764 5066 327 3152 902 11 4746 1768 4546 1221 1470 1961 4692 854 6833 5749 2578 7117 5530 3131 221 1677 2302 4938 2902 6050 469 1993 2220 2348 318 3202 6860 7011 2177 3920 100 5381 4523 169 3822 5341
146 3739 5928 66 3531 5706 4250 6851 3732 5289 6530 3164 7001 99 5294
147 1935 1131 140 413 4625 5676 560 6212 4980 7065 6921 4600 2390 3437 697 1230 5857 1758 2113 2783 7018 1639 6942 3778 3976 102 3234 5205 2819 136 1772 2616 1829 5629 3432 3976 5021 1322 3141 7266 2548 75
148 3507 7065 4980 49 5482 134 1935 341 5314 560 4600 2522 3310 6315 1683 6404 20 5891 4820 5857 2438 628 6406 2819 2057 6996 959 5767 5471 3432 6877 3632 3488 6501 6304 6397 6984 2438 2819 6509 7360 6722
149 1767 5928 7308 6530 4099 3638 532 1720 321 1939 1414 1795 3274 6674 2848 172 5294 1251 912 5391 5258 1434 1938 3736 5294 1134 4725 2848 4111 6091 1945 5516 3952 592 6155 6087 6012 4854 1215 1751 6530 3531 994 5320 4250 7109 1988 3638 2026 5485 2679 5482 3507 5314 6227 1935 4947 5676 2761 2150 6921 4820 2783 6315 2522 4753 4600 20 274 3310 6440 6602 5629 4878 1855 1934 5335
150 6530 4250 532 144 7308 5320 5485 1024 398 5086 627 2848 1414 5294
151 3968 3531 532 5289 2026 2817 4099 3739 6530 130 627 223 6467 2008
152 2357 6984 7051 47 430 1820 6942 1090 3555 5629 6202 2925 2359 3040
153 994 5289 5928 130 6530 1173 5654 1767 66 7363 6467 4421 2389 4725 2848 3736 1181 3705 1482 6091 5100 6504 7295 1454 3242 6668 5839 7177 3206 2476 86 4780 5356 1026 175 3544 4365 1072 887 5435 5279 2780 3797 4205 729 2351 4943 642 1574 938 3377 2011 6641 6996 1925 3532 5127 5641 1090 2819 6904 148 6336 4400 1626 4210 2514 6782 4968 6356
154 7109 994 1988 4250 144 5320 5654 3732 6530 66 2008 3919 1181 1795 4710 223 5258 6467 7001 4421 6703 6493 359 6619 900 2969 129 6716 5311 5819 140 5666 5676 5775 2658 374 1667 5314 4947 2679 4600 1758 3310 274 3437 6404 697 2390 2113 6921 4641 136 2681 3432 1820 7266 3943 6440 5641 6747 2579 7017
155 3313 5482 3066 3830 4625 5314 7065 4021 560 5676 1334 5857 4753 2522 274 3310 20 6993 1924 697 3943 5687 6440 6747 3675 3532 1646 1918 189 2195 4372 102 5471 1918 3943 535 1954 4430 4510 3121 4427 1065 117 2453 4879 4915 5998 2620 4171 1825 3705 2848 1181 3736 3919 4710 6705 2987 1134 5939 2310 4947 4549 341 7065 6691 4021 6227 140 560 5891 4820 1758 3437 5864 5857 2113 2612 4753 1683 2569 3532 5127 3234
156 2144 7186 134 6691 3313 49 4625 341 6222 6212 697 6404 2390 3310 1334 6993 1924 5857 274 6315 3134 1954 3836 7226 5021 24 959 5026 3976 102 3943 6877 3761 3555 6641 1950 4510 6996 5767 5026 154 3222
157 994 5485 6530 321 3231 130 5835 3968 7363 2332 2008 627 6781 223 4982 5258 1795 7004 6705 4421 4275 6567 1098 5690 2833 1806 3269 5724 5310 1766 1252 4763 4217 4812 752 3339 6661 6593 1468 3427 5214 521 4438 3738 1399 3418 874 2696 2089 6461 4267 3989 5850 3935 3725 5211 6916 1843 6983 4031 5808 3784 5432 3155 4472 5336 5906 2107 6419 1304 5110 6817 3070 6276 4199 4109 6750 6709 3996 1234 731 4288 1845 6353 5999 5410 30 6175 3357 6277 6722 2100 5851 1607 3986 3109 5661 2766 2715 5425 912 4111 5511 1414 3919 6467 3786 1033 4421 1832 1945 2140 2381 6861 1782 1558 1047 960 4034 7242 1988 1767 3732 7308 2026 5289 994 5485 5928 1720 2310 7065 2168 341 2679 1935 3706 5775 6222 4980 3437 2390 6993 1230 740 1683 5229 5864 6404 2783 6984 3016 6602 1745 3943 7266 3778 2357 6996 4430 3249 3392 7017 3234 4052 5026 2616 4539 3432 721 1520 894 2170 4486 4389
158 5928 3231 321 1173 3968 2332 5320 1939 398 3732 5258 2008 1414 1795 1832 3736 5263 5294 1134 3786 331 4186 5263 5258 5611 4710 4982 3919 3786 3736 2140 3952 4709 5859 3969 683 5225 6155 6069 5499 1720 5672 7109 5442 3638 5583 5289 5654 6530 2332 4980 3066 4998 560 5775 2144 4549 247 1206 2761 2612 1334 274 5891 1924 1683 6993 5857 5864 3310 7326 7154 89 240 2380 959 1918
159 2817 2082 5706 66 130 3732 398 321 994 6851 6467 3919 3274 99 912 1414 5294 5939 2389 4339 7035 269 128 6008 1289 6407 1412 1092 54 2278 1076 6619 673 488 847 1409 2397 6878 1627 4474 3228 6920 7327 5278 2199 2912 5212 2417 1009 6056 4976 5955 2316 4374 2204 3789 5783 2305 6867 7383 5775 4998 2800 3830 2679 6691 4625 3313 140 5581 1924 2783 20 3310 3463 6993 1230 6404 1758 5891 89 1954 7018 6160
160 4730 6106 6481 3511 5382 2294 93
161 4730 5680 5382 6477 1082 201 1331 1551 4578 7389 4421 5263 2389 5258 4982 627 1795 7004 4186 1414 1215 4830 4709 4178 6284 5516 1047 2140
162 4625 5482 3066 560 6227 49 1935 6222 1667 5581 4820 6993 6921 3310 3463 4600 274 5864 2390 1758 5629 7051 6406 7017 5953 535 6495 1217 6962 3976 5641 2447 6649 2681 3532 5197 5335 6440 6871 5131 2353 2037
163 5442 3531 6530 2817 1173 2026 5706 5086 130 7363 912 223 1033 3705 3786 5391 4339 331 1181 7001 5775 5464 7186 6222 5482 140 2150 4980 4021 3313 5857 5891 4600 4753 5229 2783 1334 1758 274 6404 1190 5005 5505 6397 1820 3555 3943 1784 6712 2228 6160 5205 3778 6253 6984 1657 2681 45 3632 136 7073 5655 4719 2689 5661 512 6426 6745 3197 2353
164 130 4477 1173 5928 66 4099 532 7109 5086 1767 7004 6467 6781 2987
165 3507 5314 247 2658 341 2800 1206 3066 1935 3830 740 6404 2522 4820 274 2783 4753 3463 1924 1334 89 7018 136 734 3134 1925 4372 6649 3121 6397 3144 1745 535 5641 6747 6501 1855 2695 47 5000 5851 5323
166 3739 2817 321 7308 1720 7109 7363 6851 66 4250 5611 2008 5511 4725 6091 3736 3919 99 3274 1414 2761 3313 2310 4021 1667 4549 5482 2144 3830 140 4753 3463 6315 3437 1334 3310 1683 2522 5229 2390 6160 1855 1322 5205 95 136 535 45 1950 1261 800 7051 1657 1772 1371 6253
167 341 5482 3706 2658 3313 413 5676 4625 247 6227 6921 4820 1230 2113 2390 20 5857 2522 697 2612 6962 2228 3194 4372 2011 6495 3871 3144 1918 24 2579 6602 2681 5205 3428 2569 6806 6641 3101 295 92 4719
168 6530 5320 5583 5835 7308 2972 1720 398 321 66 3786 6380 1414 627 3274 99 3919 2389 6705 2987 4886 2008 3705 2389 3919 3274 6674 1181 1482 223 5516 6087 72 4824 5225 3268 2567 1782 1945 4709 3531 1767 4099 1988 4477 5320 321 7308 1173 2082 3706 374 2150 7186 2679 6691 4549 2310 4021 6424 6404 5891 5229 740 6921 2522 6315 3310 1230 1758 6440 1855 3555 5000 3871 4430 5953
169 4250 5289 3531 5928 1988 6851 2817 5086 321 1939 3736 4725 7004 3164 6380 172 99 4710 3919 4421 54 4686 2366 5544 2467 2278 2194 6008 7066 948 359 5265 889 1964 6703 1404 427 314 4948 4979 6056 2878
170 1412 269 5544 6371 2194 2201 6407 948 2515 2467 847 1404 359 4447 1311 1319 1409 6716 153 5265 5534 6940 546 2878 306 2989 180 7327
171 3968 1720 1767 2817 144 532 5706 7109 6851 1024 2008 1938 6467 6705 3164 4186 4605 3462 3736 3919 2168 5666 4021 2658 2761 2800 4947 3507 140 1206 2522 697 4753 6404 6921 6993 4600 3310 20 1683 1954 3101 3761 3555 1918 3885 102 3675 6057 6495 3194 5629 18 5175 240 527 5641 4052 3121 7058 4266 995 1208 4835 7360 6843 3049 1520 406 2442 3462 5511 3164 3786 2987 331 6467 5939 4111 6091 2588 223 331 4421 5611 6674 4111 627 1033 3705 4176 234 4830 1215 4665 5499 1439 1945 4034 1558 1173 5835 5485 5320 1024 7308 1720 398 66 3231 4947 3830 4980 140 1935 134 374 5482
172 532 1939 2082 7363 7109 130 5289 7308 4477 1720 3705 6705 6467 6091 912 5939 4725 4111 2389 5511 1315 2351 6499 111 5165 1454 1842 2537 379 1984 1306 4365 3544 5237 4662 6983 6916 1566 1328 3989 4566 847 5760 153 7230 1409 314 1076 1345
173 172 912 1134 3705 1832 5294 1181 1251 2588 6705 4034 6087 5225 4987 4665 4176 1558 2140 4362 1047 3739 2972 5706 1988 2026 532 2332 5485 5672 1720 5482 2168 6212 3507 5314 4980 2800 5676 4549 2761 2783 1758 2612 1334 5891 5864 20 6993 1230 6315 3761 1453 4878 1784 527 721 3165 3141 734 7051 5953 1772 1190 6602 3836 628 89 4878 3555 3532 688 6609 5655 4432 7289 5051 2059
174 3047 1331 3126 6000 5980 201 131
175 134 2658 1131 5314 7065 5581 413 2150 5775 453 4753 1683 6315 4600 2522 6404 740 1924 274 2390 6806 3836 3121 827 6440 5021 1918 7051 45 3488 2579 527 7226 535 3675 2569 189 3488 3943 3871 705 1065 4620 4719 2037 7275 5137 6609 6543 92 5611 6467 6705 5511 2987 1938 3919 4710 99 5939 3830 6222 134 6212 5482 4549 4998 4980 6424 2761 1334 5864 4820 4753 3310 5891 3463 274 1758 740 1261 3885 6440 2195
176 6851 5706 321 2817 1767 7363 2972 3638 3732 532 1832 1938 1414 6380 5258 627 2588 99 223 4421 3407 3447 1984 5920 5224 4005 2146 2539 3397 5164 6984 45 3871 5641 2695 1657 47 3976 3761 2447 6691 5314 2800 1131 5482 3830 5581 49 2144 374 2113 1230 2612 5857 2783 5891 697 3310 740 4600 3532 1820 1918 6406 721 1784 2438 3555 6871 1090 3885 4510 1639 3377 2569 1829 5335 827 800 4994 5215 1447 7289 6484 5009 2965 2548 4039 515 3222 223 5391 2389 6674 4421 6467 3274 2987 1181 2008 3705 3462 4111 1482 3919 5939 2848 3274 4421 6091 4665 2381 5044 5652 2567 6069 5972 5225
177 3531 398 5654 2817 6851 1767 1167 7363 5583 5485 4186 2389 172 1795 1938 2987 4339 4111 5263 3164 4605 172 4982 4131 627 6705 6674 1414 99 3705 6139 5516 1782 5859 5499 3052 2381 3952 1751 6861 5672 7363 144 2332 2972 1167 2026 5485 7109 5835 2679 3830 1667 5482 5464 7186 6424 413 4980 3313 2783 274 1334 3437 2522 6921 6993 1230 2390 1924 6397 5175 7326 5641 2616 3134 3885
178 247 3830 2150 2800 3066 413 5581 1206 6212 5676 274 2612 20 3310 5891 1334 6993 6315 2783 1758 1772 6984 6602 2447 6712 800 5127 4430 1261 2438 1820 721 3871 6962 1190 3555 1217 136 4052 1646 5851 7360
179 5442 4099 3638 3732 5654 5672 5289 3739 6530 4250 6781 99 1414 7004 4725 4886 1434 4710 331 172 1251 6467 5294 6705 4886 3919 6781 3705 5611 627 6069 1945 4665 4830 5222 4178 6087 4034 5652 683 398 6851 5672 994 130 321 1167 2082 144 1939 4998 1206 134 2761 4549 5464 5314 3830 374 49 3463 5229 3310 2783 697 1758 2612 4820 2390 6993 4372 6984 527 3392 4510 5767 189
180 1720 5654 2026 532 66 5835 4099 5583 3739 130 5258 1938 3164 4111 4886 2987 4186 7004 1434 3919 374 1935 5482 413 6691 7065 247 341 5775 3830 3463 5857 274 2522 2783 697 6993 1758 3310 1230 1322 1190 7051 45 3141 1090 1261 3428 3165 5641 3016 4878 1745 827 5641 18
181 6639 4564 6077 2476 5513 1574 938 6394 111 5279 1072 4031 7253 4780 2594 4320 86 6913 5584 3365 5980
182 6567 5724 88 351 3873 2717 80 3218 5868 6197 838 5657 3852 1192 3925 40 2560 4217 7126 6462 2274 2472 3738 521 1585 1399 2139 141 5046 2384 4662 6913 5211 6797 887 86 5584 1776 1072 6983 4196 3641 2373 133 5906 3752 3417 5959 4694 5206 6415 6193 7278 5288 1995 4764 783 5556 1253 364 5984 6347 4071 286 4288 2998 3825 1358 1426 715 244 1778 2037 406 3801 7315 1065 3222 7275 2654 5258 5611 5294 4982 1938 4111 1434 1033 331 4186 72 5859 4665 4854 1782 6284 2005 5516 5044 4824 5835 3531 130 2026 5320 5583 2082 1988 144 2332 4549 6691 5676 134 3507 4980 4021 3313
183 6091 6674 2588 1795 1033 1181 4886 4339 627 3736 960 5225 1439 6069 4987 1801 1558 592 72 4824 321 3638 3531 1939 5289 2026 1173 5583 1167 6530 453 5666 4549 2168 7065 6212 3830 5482 7186 2658 2113 20 3437 274 6315 4820 1758 1683 6921 5864 3141 2616 2438 45 47 3016 6602 2011 3165 1950 6877 3165
184 1767 5654 2332 130 5835 321 7109 4477 66 5086 2389 3462 6467 6380 3919 2008 1134 2848 4111 99 80 5094 1325 3873 6197 1098 3344 7191 6507 2833 1252 3509 101 6622 954 3887 2306 868 4812 6254 2274 3928 3796 6461 2696 3418 1475 1851 521 5214 6442 5584 3446 2623 4031 1776 1026 175 1306 6377 816 4335 2913 3784 1344 5206 1572 3417 2107 3563 5102 4934 481 4696 4699 993 6415 1390 2053 7307 543 4288 4303 6412 1565 4530 4162 6347 382 3987 1617 2520 4009 6745 2403 3801 1380 7130 5932 92 134 3830 3706 4021 2761 4549 2310 2168 3066 3507 5891 740 1758 4820 6921 1230 1683 1924 3310 1334 6602 5687 1925 5629 3761 6942 1934 6871 7018 102 721 3761 3532 2681 5767 827 1918 4372 7266 1371 2353 2503 5705 5932 2059 5877 7088 3294 2639 3308 6467 6674 1938 6091 5939 1482 3919 4710 2987 1033 4131 6467 1251 5294 6674 4111 2389 3736 4725 1134 1047 5044 1439 3268 4709
185 3609 1289 54 2201 582 5968 2366 303 2922 2492 4447 27 1076 129 153 831 673 2397 1345 4948 2878 7185 6451 5771 2912 2199 6736 6056
186 66 5835 7363 6851 2332 130 3531 5672 1167 5706 1434 4111 1181 4886 2008 1134 7001 1033 4725 172 4021 2144 3313 6212 3706 140 2150 134 5775 4998 2783 6404 2522 740 5229 2612 6921 3463 6993 5864 628 5641 5953 3532 1090 7326 1745 1934 3101 3871 4372 2819 3016 4878 89 4430
187 2972 5485 2332 398 1939 130 1167 3739 7363 5086 6380 3164 4111 99
188 728 3102 1315 4785 729 709 4943 2321 4756 6639 3446 5356 86 3191 76 887 5435 1519 6983 5237 3447 1315 6196 5164 4810 1513 2146 6465 112 6303 3885 189 6304 535 7058 7226 1453 1784 1918 2095 2922 1387 948 5146 2736 582 2071 5544 4323 3749 1345 4566 5819 6619 4474 153 889 1964 5163 5345 6473 2804 2481 206 4139 546 6920 7327 2798 2199 4446 4374 5844 4858 5955 1625 6062 3977 3734 3469 6691 560 1131 1667 2679 4980 3830 453 1935 7186 2522 1758 274 2783 20 5857 1334 1924 3310 3463 45 2357 827 1217 3249 430 4052 3432 3134 5131 3885 1934 1784 1918 7266 5347 6397 136 5205 1190 4222 7275 1987 1380 1447
189 5928 5835 532 5654 2817 3638 5583 6851 5706 3739 2987 7001 1181 6091
190 3231 5320 1767 5289 994 4477 5086 5654 398 5706 4421 5939 3919 4886
191 398 5672 994 1988 1939 130 532 5706 7109 4099 627 3919 5258 6781 4886 223 1832 2848 1033 1938 2079 2152 5030 803 2719 2153 5167 7016
192 2026 994 3638 5672 1988 1024 144 7109 5835 5485 5294 6781 7004 1795 5611 627 1938 6380 4605 172 1098 6567 4284 7191 1766 6197 4275 3344 1802 6594 3260 2560 5540 6933 838 5040 3813 7126 6204 7252 2089 1524 3796 521 6466 2274 141 2696 5214 2384 6128 5237 1776 4234 3191 7166 6442 6797 3237 6916 3238 2746 4694 2451 1949 7325 1572 5384 2373 1304 3009 23 4818 236 6431 7307 7278 4708 5371 3176 1978 6353 3825 4959 818 1426 5308 1899 4530 2940 6576 4078 1921 688 6484 244 2267 5733 3294 2639 2467 963 2580 5072 6011 2492 4686 2278 303 1412 831 6559 27 847 1311 889 4195 488 1627 7230 1376 2878 4139 6022 1266 6473 2804 6179 1668 3228 3956 5481 2477 3379 6489 4256 1792 7301 5568 6787 1462 1729 3457 7241 3896 6199 5503 5123 2461 313 866 5573 5872 6999 2196 7302 1164 4022 1292 5525 5411 5602 5145 3346 6456 6656 5088 2975 569 741 1950 6996 5629 5026 1371 1657 1855 3234 7051 7326 803 4193 122 621 2129 1087 4728 5636 1239 103 2980 3115 3940 4325 3724 4026 6037 7003 5248 327 2589 2578 4749 6833 854 6615 2025 2714 46 4424 4262 6173 7174 5228 3305 6528 311 7344 3853 6325 6040 747 7173 2220
193 2679 2658 247 453 341 2310 3313 4998 140 5482 1924 6315 3463 1334 4600 3310 1758 2612 5891 2783 6877 7017 3675 6996 1820 527 3 6942 189 3392 3836 6304 3144 1646 1217 5641 4372 1820 535 295 2689 3222
194 4147 6443 3653 1695 4275 4284 3218 7191 1766 5868 310 5657 3509 4763 6933 3696 101 73 954 868 2472 521 3796 874 2139 3418 3738 2696 1475 4348 1566 3365 86 6913 1328 7238 5211 4780 2594 4365 133 1329 5336 2373 7243 4196 1442 3155 3563 3784 236 1174 5288 3832 5759 1390 6709 7192 4764 113 2632 2904 5443 1845 5084 6574 3357 1978 4071 1693 1151 2534 7130 2222 1607 2403 6998
195 3732 2972 1167 994 1173 2817 4250 1024 5706 398 6705 4725 3786 1482 7001 1832 1033 4186 6781 3462 2351 5920 3087 2607 6639 1842 6708 2321 111 4005 1954 2228 4994 6877 7266 3428 6406 5347 1646 6440 6250 1387 4795 3749 2544 1412 963 2492 2467 2040 427 4979 1627 6852 5163 1404 847 900 7230 5819 4079 593 2878 2912 6920 206 1009 2481 180 12 3922 6055 4442 5744 3379 1535 2861 4704 4579 5844 6559 2397 5265 5819 314 129 5806 5760 5345 2508 3274 1938 4131 627 2008 6705 3919 2848 5263 5258 72 592 6069 4362 6155 7242 1782 6012 5225 1801 3732 5442 5485 3638 1767 1173 5706 4250 6851 7308 247 4998 7065 5464 6691 1206 4980 6222 341 4947 5891 1230 20 2390 2113 4753 2783 3310 1683 4600 2380 189 1657 3871 7154 5021 45 827 3976 1639 4372 3234 7154 3121 5131 1950 1772 1261 3943 7266 4620 6636 4389 3294 4078 1065 3212 4599 25 5969 4421 2008 5294 3786 99 5939 4725 6091 6467 1434 3313 2144 4947 413 5314 4980 134 5464 1935 374 5229 6315 697 2783 2113 5891 6993 6921 1230 740 3121 5687 3976 6871 6495 1925 4878 3943 5026 1646
196 1206 140 1667 5666 2150 1935 3066 1131 4625 6424 740 1924 5864 4820 5891 1334 6993 5229 1230 2390 5197 6440 5005 6495 1453 721 3532 4430 18 7326 628 2195 7018 6877 1745 7017 5127 959 3121 4052 2295 1380
197 3531 7308 7363 2972 5320 1167 1767 994 144 5706 4421 4339 6467 4982 3462 5294 5258 4131 1251 4710 2071 2194 5968 2492 4323 347 4795 2201 2544 1387 2508 314 1409 129 6493 5760 1345 6716 7230 1076 546 989
198 1720 5835 2972 5928 4099 4250 1024 2026 1939 5289 2588 2389 1795 4186 3274 1938 5611 627 1033 2987 3830 7065 5464 3507 2658 140 7186 4021 2800 1206 5229 1924 4820 1683 6315 4600 2113 1230 1334 740 535 2579 2011 3016 89 1772 959 1954 1322 1217 1217 1371 7051 1453 2569 5026
199 3968 7109 5289 1939 5485 130 2026 3638 5928 1988 331 2848 172 4421 4111 6781 223 4710 5611 3786 3343 4275 6594 6443 7191 2717 1098 1325 167 5724 73 5657 6137 3260 2306 6661 4977 6254 1069 3427 874 904 1399 1585 5214 1524 521 3738 1475 2647 175 1843 6442 1072 4031 4662 3544 2623 1566 4320 1304 3304 3641 6884 3238 816 7325 133 2674 120 5846 1390 7142 2053 2789 1302 450 6922 712 5093 6663 1358 1899 1362 5443 6412 265 1548 4162 382 5877 6435 7088 512 2787 117 3799 1274 6692 4636 6380 5611 1181 3462 223 6705 3786 4421 4131 7001 5652 1751 6155 5044 3268 2381 1215 278 4854 592 5835 1939 5672 3739 5086 7109 321 532 5320 1024 3830 5314 3507 4947 560 1206 140 6424 6691 5464 3437 1683 2113 6404 20 2390 2522 3463 4820 5229 5471 3377 4430 2616 6406 6871 2438 527 3836 1918 3249 7051 5335 3392 1745 1322 5026 3943 7326 95 1987 5788 5998 705 5433
200 1939 7109 4250 1720 2972 5086 5654 1767 144 532 5611 6091 3705 4725 5258 5294 3786 4886 3736 1938 1251 99 1938 6091 3736 2008 7004 5611 5258 7001 1558 4665 1782 4709 3969 6087 592 2140 1945 5222 2026 130 5928 3739 2972 1173 6530 1720 3968 398 140 2150 247 4980 4021 2310 413 6424 1206 374 5864 4600 274 6921 6315 3463 697 1924 1758 5229 5026 5000 1934 3976 102 3943 295
201 3638 5928 1167 1939 5835 5320 7308 321 66 5289 5391 6674 1795 223 4710 1414 4725 6091 3736 1251 7025 5503 6788 6485 1000 3291 410 385 2610 6755 3804 5908 2974 1292 1588 1721 1704 5213 6822 1164 2975 1111 4569 3093 3624 3646 5602 5640 4070 7062 3555 4430 4994 6996 3134 3885 3141 1745 3488 1784 2886 6027 4784 5772 7020 803 6383 3712 1906 2917 4325 1573 1527 2849 1610 902 327 6468 4469 3152 6185 3945 5050 4228 1470 1221 5977 5400 1708 4675 5849 4938 2328 221 6325 48 259 1958 4685 3305 6040 318 6554 3202 6860 1508 1078 6373 5381 5811 3912 4212 5456 6545 202 5552 1030 4802 3822 7385 7065 140 413 6424 4980
202 7308 398 1173 7363 5485 3739 5706 321 4477 3638 172 223 4111 5511 99 3274 6705 2588 3736 3164 3313 6222 2144 2310 2679 1667 134 4998 6691 4021 2390 5864 5891 274 5229 4820 4753 1683 2783 1924 189 1772 2228 3943 6160 1646 3249 1925 295 7017 527 3632 240 1925 5197 18
203 321 7109 1024 7363 5706 3732 6851 7308 5835 5654 7004 4131 6781 912
204 2332 5320 3638 7363 4477 130 7109 5583 3732 5672 1482 7001 1414 3274
205 5442 1767 5320 5654 144 3732 532 130 2332 6851 5611 4111 5939 2588 4886 4131 2008 2987 3274 1414 1383 1036 742 6681 701 4401 4249 4961 6566 6199 5967 5634 5525 1562 6679 606 225 7135 6822 7302 6140 3934 3542 2556 4173 4070 5528 1503 444 741 5131 5629 2380 45 827 4539 6641 5021 800 3555 915 4997 5090 6383 2719 3603 2153 7270 3869 6738 4827 5066 902 5239 7003 2279 3764 1847 5248 3152 1862 1014 2714 1961
206 1092 2040 1387 5146 2544 6371 4323 2097 6011 5544 6619 4593 900 314 2508 5265 7230 129 673 5806 306 2199 6305 206 2798 4004 6022 5278
207 321 5706 130 3968 1939 4477 3638 4099 2972 7308 6674 5258 7001 5511 1482 7004 331 627 4186 1134 2761 134 7065 140 2168 4549 1131 6212 7186 2679 5891 5857 4820 2612 3310 1924 274 3437 4753 2522 3943 4066 136 4372 6641 240 1829 2819 800 2357 6877 3675 3101 4539 6501 1745 2228 1090 1322 45 2787 3222 5290 7122 6426 512 3054 4599 117 1356 1414 1251 3462 6380 7004 172 2987
208 4019 2483 6303 6394 2051 709 5630 2687 7177 4005 4780 4031 6128 5435 1026 4320 826 887 76 1306 5544 303 6371 1412 5968 107 2366 2194 2278 2544 847 6493 1319 1627 4566 5345 6878 1345 5311 831 6305 5487 1376 4139 2199 7132 4079 7259 2920 6391 5744 2318 1722 4218 3956 4727 4704 5481 3002 2003 2658 6424 453 7065 2144 140 3706 4947 1131 2150 4753 4600 6921 5857 697 4820 274 2783 3463 1683 2819 3121 47 4372
209 7363 5672 3531 2082 994 5654 1173 2817 5835 6851 223 5258 6091 912 3919 3164 6467 172 2848 3736 4430 3101 3632 6984 3234 3121 1322 102
210 6588 1513 4005 68 187 2476 3102 6303 2537 62 3544 3191 6377 5356
211 5442 321 5706 532 3231 2972 5485 5086 3732 994 3274 5939 6781 627 2389 1938 5391 3462 3736 1181 1181 6467 3786 7001 1251 3164 4710 4131 4111 5391 4824 2970 5972 72 5516 5652 4854 2140 2381 6069 66 398 6851 3968 1024 321 3638 1173 3231 994 3706 3313 5482 3830 1667 6227 2144 49 4998 1935 4600 4753 3437 5229 2522 3310 2390 5891 6921 5857 4066 2380 1090 1371 5005 6501 3488
212 4186 1033 5611 5294 6674 5391 4886 223 6380 2588 2005 3052 1801 4830 6548 1355 1558 5225 72 4034 4477
213 3087 1143 5279 1660 6364 3447 5513 3407 2607 4943 6797 1776 6145 175 1843 3544 76 1328 2594 7238 366 5382 6018 5816 2703 309 6319 7012 4141 5980 4756 729 4785 1984 999 1604 5513 3216 4577 4943 6962 5953 89 2616 1820 6253 2569 1855 6942 6406 2736 2544 2201 2467 6407 2492 963 5544 342 2366 3847 5760
214 5672 1988 1720 3638 3968 4477 1767 2817 994 2332 4421 5939 3736 1482 1832 3705 4339 3919 4605 627 742 1996 5937 6199 4932 1383 3643 6550 2840 4497 4664 3756 225 5573 1678 704 159 3203 4204 5593 2652 1169 7152 1198 3646 4173 4740 5640 3624 3138 6304 5005 2195 7154 3885 1784 4994 3016 45 7017 103 6383 4997 157 4920 1348 4661 5636 7143 6834 5239 3764 3115 6037 2849 1611 902 2279 5066 5248 6244 1961 1771 1470 1014 2601 5364 1708 2589 6816 469 4520 821 6528 2302 5849 5530 1958 2700 6050 3920 6860 2348 1078 4373
215 5676 5464 2150 49 3706 4947 3830 3066 1206 140 4600 2113 3437 2783 697 3463 5229 1683 3310 4820 1745 4052 1639 7058 24 6641 1190 6397 240 7326 2579 1657 2681 4539 4510 240 734 4066 1217 6160 1617 3589
216 3638 5835 532 7109 3968 3231 4250 2972 3739 398 1434 5939 4725 7001 4421 3705 1938 627 5511 5391 4982 5939 3705 3786 4886 4421 6380 4111 4605 1938 234 5859 3052 6087 4987 2970 4854 1355 2381 5044 3638 1939 7363 7308 2972 5706 321 5583 3968 3732 2800 247 1131 6227 2168 4625 7065 2658 2310 4980 2522 2612 1683 2113 2390 6404 5229 697 4820 3463 2438 89 3675 1090 189 3555 1954
217 3638 3531 5442 3732 66 5485 7363 1024 4099 398 2588 5294 627 4131 1134 6781 2987 172 3919 1181 1206 6424 6691 3706 7065 4021 4625 2168 3507 247 1334 2390 2113 274 5857 5229 2612 4600 20 1924 430 7018 2695 7058 2579 5953 2011 3555 3432 1829 5687 800 89 5026 5000 6962 3234 7018 628 5953 5788 3294 7050 6472 5893 7315 4599 3704 5486 2453 5258 5511 172 1482 4710 2848 6380 4186 7001 3462 2761 6691 4998 6424 3830 5581 3706 4021 3066 341 6993 1683 4600 3437 740 697 1758 1230
218 6530 5485 2082 5289 3732 6851 3231 1024 4099 7363 6467 6091 3786 3736
219 3749 3609 2467 2278 6008 4323 347 4795 2194 342 1964 831 1311 5806 2969 3847 4566 6852 359 129 2199 2798 4079 1266 2417 4004 6305 6736 6920 6940 5448 5783 4090 1430 1834 3569 2003 6055 4858 5844 1428 6770 2058 1895 1626 1352 5823 1869 4846 6585 127 6785 6992 6536 3829 6967
220 4549 3706 4021 2761 5775 3313 3507 1935 7065 2800 1334 2522 3437 3463 2390 740 5891 4600 1924 5864 3555 3134 6602 4641 5687 3976 3249 3121 2447 628 4539 189 6712 2616 7058 2195 4066 1646 6806 3488 4636 5851
221 6553 210 4730 5680 6000 309 5980
222 3830 2658 2761 6691 140 134 5581 6424 453 4980 3463 3310 1683 2113 2390 2783 20 274 3437 5891 3134 527 7326 6649 3392 3165 1090 1190 3761 189 6712 7226 4510 5005 1855 3194 3134 6501 1954 3234 2654 2280
223 5314 453 1131 1667 4625 2310 4947 5666 4021 1935 5891 5864 1758 3437 20 1924 740 2113 5229 2522 295 5953 1918 5205 6440 2616 6501 6602 535 1820 2011 3234 2357 3194 6253 4052 3428 6406 1371 1322 4451 3179
224 3531 1024 6851 5928 1167 4250 130 5442 5086 2332 4131 1033 6091 1434 4339 4111 1414 1181 5939 4710 6222 4549 3830 453 2800 1206 2761 5676 560 341 6315 5229 6993 1758 6404 4820 2522 5864 740 274 189 47 4052 1261 6984 3976 4510 1453 5641 6877 5127 4510 2579 827 4641 7154 189 6501 6397 45 4376 3109 4451 4221 1615 1921 4222 1987 565 4427 912 4131 5258 4111 6674 1033 2848 6705 5294 172 6212 7186 413 1131 5314 4549 5676 49 5666 1667 20 3463 3310 1924 2390 2522 2113 6921 1334 3437 1934 4510 2695 6160 535 2195 3428 189 3101 7058 3761 1820 3144 7051 3234 2095 6440 1954 959 1371 3704 5893 3109 75 1850 1062 2533 71 1825 7254 4605 1414 3164 2588 3736 5611 6705 331 4186 4886
225 6788 5588 3611 2846 4833 7151 877 2182 410 6449 6586 2355 225 866 3756 7276 7063 704 584 5908 2820 3906 6456 7106 3757 1169 3646 3138 4740 4829 6602 6509 734 1950 7326 1190 3249 3871 18 5021 3393 7020 5090 5492 343 2129 2152 1882 4901 6385 2849 4469 3152 3115 2980 1611 4827 7290 4026 327 5977 1708 3868 275 1014 4675 2601 2143 46 1961
226 4477 398 7308 532 2972 7363 2817 1167 5706 3531 6091 4886 1795 5258 6705 4131 99 2008 2389 6467 7319 4608 2244 3984 1892 2507 5858 3933
227 7012 6000 1457 5382 5501 210 1331
228 2082 144 5928 5672 5835 3638 66 5654 5583 7308 99 5939 4131 3705
229 6227 3066 6424 2144 4998 7065 5482 134 5676 3507 5864 5891 1924 1334 5857 5229 2612 3310 1758 4820 5205 3234 1784 959 2819 5767 7154 3194 5953 1371 2695 6649 734 3428 3134 5687 18 6984 136 3675 4035 4384 1823 2403 71 5215 2965 3534 4628 1921 1251 1482 4131 6674 5294 1414 2848 3919 7004 3705 4021 4625 560 2658 4980 2679 3706 5581 5314 6212 6993 1924 4753 2522 2113 3463 697 1758 3310 274 1090 5335 45 628
230 130 7308 3968 2972 4250 5928 5654 5583 2026 5320 1134 2848 5391 3274 2588 4982 6781 5939 6467 4710 5464 6212 2679 6691 1206 4947 7186 247 3706 7065 6993 3310 2390 2612 4753 3463 20 2113 6315 5229 1639 721 6602 6712 5175 3101 2095 2819 1784 3121 6641 7226 3778 7154 1453 4372
231 3638 2972 5442 4250 5583 7308 1024 5835 1720 3739 6467 4111 331 5391 1033 4339 2389 1938 4421 627 2040 1723 2467 2278 6011 2515 2071 582 6371 4323 847 2397 673 6559 889 900 831 5806 1319 7230 6022 2283
232 5314 4625 4549 1935 5464 453 4021 4980 6227 247 6993 3310 697 740 5864 1683 6404 1924 4820 2783 6253 6440 1657 2011 959 3234 6877 5021 430 2438 4539 5175 7051 2447 3675 721 3165 535 1217 1829 2965 1778
233 3413 1315 3206 5279 774 642 3397 6077 6364 2870 4662 7166 3544 3191 4267 3365 3236 175 4234 6377 5816
234 3638 6530 3739 7109 7363 5320 1939 4099 130 5654 4725 3736 6781 6091 4186 5611 4131 7001 223 1482 4810 3058 5929 2870 3242 3407 4785 642 7177 5279 5347 3101 4994 6406 1646 6495 3165 45 5953 2569 1626 7349 6607 845 684 3682 1895 1400 1869 6770 6967 7407 4676 1103 2136 6422
235 5581 2150 5482 3706 7186 2800 6212 4021 5676 4980 2522 6921 4600 2612 740 5891 3437 6993 1230 2390 45 1829 3144 4372 3121 4641 1646 5175 2695 3428 5629 6440 628 2447 24 5131 5767 5175 1261 2195 6118 1823
236 5835 3739 6530 5928 5289 1767 3531 7308 7109 5442 223 4605 3164 4982 1033 5939 3462 4339 5391 1482 4578 3047 6477 6000 4730 151 1331 309 2703 1505 3242 5600 5929 2607 4019 4785 1143 2687 7190 1660 2681 535 6406 7051 24 95 1954 7326 6747 853 3274 2389 4725 331 5294 3705 3736 4186 2848 5611 4176 6284 4854 3052 2970 6548 1801 5516 5222 3268 398 7308 5485 321 6851 1167 5706 5086 1173 5442 4947 49 1667 6212 134 560 413 5464 6424 1935 6993 740 3437 2612 3310 1683 1758 6404 2113 6315 3144 2228 1657 5131 4052 6871 3141 6602 18 6304 6057 5127 189 4994 5175 3871 5767 853 95 2579 797 6472 2548 5323 5998 2785 71 6484 4354 7073 2588 3164 3274 4131 6781 5391 2389 3919 4421 5258
237 4021 5464 5314 3706 5775 1935 4998 2310 2658 49 5864 20 1924 5857 5229 2113 3463 6921 2783 3310 6962 189 3778 6602 5641 5131 1646 1261 45 4052 6253 3632 5197 2380 6962 5127 3432 1646 853 4539 4432 1065
238 1167 3531 7308 398 2817 4477 7363 1720 3638 4099 2987 3919 4339 4710
239 5706 2972 4477 1767 130 5442 7109 3531 3231 6851 1832 1134 4886 4710
240 6222 1206 4625 5775 1131 2679 6227 49 5581 140 274 5891 5864 4753 20 6921 2113 3310 2390 1924 2095 45 3101 1745 430 7058 2579 4539 3194 3141 6501 5767 1090 6440 6806 3761 3428 3675 1855 3377 4171 4835
241 1988 7308 2972 532 5086 1167 1720 5672 5485 321 99 912 1414 6467 3736 4982 2008 4605 1181 172 966 6507 5724 4275 351 6197 6567 1695 4284 1098 195 3887 7305 6933 3192 3260 838 3339 5657 7252 2647 904 3738 3418 6461 3796 5214 1524 2089 2696 6442 5211 6983 3989 7166 5850 1072 4365 5237 4780 1344 2373 3304 1949 5384 133 5206 5336 4472 4705 3176 1995 2749 364 2789 4699 2053 6276 6817 6750 1693 1978 5443 3825 30 5984 6353 2881 3020 1845 4266 3212 1552 3534 2965 1617 6636 5998 4915 2084 3736 2008 6674 99 3164 2588 912 2848 4131 5939 1558 5516 5222 2567 6861 4824 4665 6139 4854 6284 3968 5320 1720 144 1167 5672 7308 2817 130 1024 5581 3313 6227
242 4186 4421 6705 3164 6380 2848 4725 6781 1832 1134 5225 5499 6861 1439 960 4709 1782 6548 5222 4178 3231 4250 532 7308 1167 2972 2332 3968 1173 5928 5581 6222 4998 1206 5482 2150 134 2658 3066 413 2522 6993 5891 3310 274 4600 1230 697 2113 5857 4539 1657 5205 6962 6641 5953 2057 1217 2011 6160 136 430
243 3531 7308 5086 3739 1024 994 5442 3231 2082 5320 1251 1482 1832 7001 1938 6781 6674 6467 1033 99 627 2389 4111 1434 3164 6467 4886 4421 5391 5611 7242 5972 2567 4362 5499 5859 1751 1439 5516 3268 5654 2026 532 1720 7109 994 5583 6530 2817 3739 3830 4998 4980 2168 3706 2800 2150 1206 4947 7186 4753 1334 6404 5857 1230 6993 6921 1924 740 2390 6602 1954 4878 527 3675 1745 2380 7226 6806 3016 6495 3144 3555 535 1190 47 2228 5197 18 4641 1208 3179 5031 4656 6850 5779 4628 2100 4599 1850 172 2987 99 7004 1251 6467 2008 3786 4131 912 1206 413 5666 374 5775 3066 247 2658
244 6691 1131 2658 247 7186 4549 5666 2679 134 6424 3463 274 3437 2113 5229 2612 2522 20 6315 4600 1918 189 4372 295 1453 3141 2579 3761 3016 3134 4430 3144 527 2447 1371 4641 2228 1261 6806 721 244 2503 3294 1530 5051 7184 7289 2222 565 4557 4886 1033 1181 2008 1251 5939 4982 5611 4605 1832 7065 4021 5581 49 6227 2761 6691 247 453 341 2390 5857 20 4753 2522 4600 1683 5864 6404 5891 3836 6641 1453 1918 6406 6509 527 2695 1954 2011 6495 6806 959 7058 6160 3976 3134 6602 1954 5629 6426 5656 4486 7005 4557 1530 2100 1520 1921 5965 4111 6674 4186 1181 2389 5294 5939 4982 2008 99 2848 3919 6705 2987 1033 3786 1134 3705 5263 1414 6861 1782 5499 3952 1945 234 5859 3969 1751 4182 130 1173 3231 6530 2817 1167 5583
245 144 7363 2026 3739 130 2332 66 3531 3732 5928 4710 4131 3164 6781
246 4477 144 1767 5583 5672 5654 398 2026 3531 4250 2848 6705 5294 1033 3164 4339 6781 6380 2588 1134 5775 4625 2761 2144 560 49 3313 5666 5464 3066 20 3463 274 5891 4820 6315 2390 1334 6404 1924 1639 628 1745 3101 2011 6712 1829 5347 3 1453 3101 4510 5953 1954 2447 6160 95 1657 1934 2579 3222 4035 4620 512 7303 1447 1743 7289 2184 4354 1832 3462 99 3786 7004 1414 6091 4886 6467 6781 5676 1667 247 6212 49 7065 6222 1935 2144 3507 4600 5891 3310 2783 6404 740 5857 2113
247 805 4756 2687 7190 111 3676 6957 2539 4785 774 3258 1566 5211 1843 3191 6797 6983 7253 6442 3544 366 2256 4730 6553 6481 2338 6106 7389 4578 6939 5464 6227 2310 1935 4998 3830 49 453 3066 4947 3310 6993 6315 1758 5229 5891 2612 274 3437 3463 5641 6962 2819 2569 628 7051 527 4052 7154 7018 95 18 5197 7018 734 5687 3885 5127 6440 1453 3179 71 1530 2766 4887 2548 1274 3571 6472 7184 5294 99 172 2389 1251 4421 4186 6091 2588 1134 704 1045 3203 5739 6822 7063 5010 6597 1721 6899 2566 5799 2610 3737 4731
248 2972 7109 5289 5672 3231 1173 3531 5485 5583 1024 4186 1033 4339 1832
249 66 5583 6530 1767 1173 3638 2817 4250 144 994 6380 3919 4725 1832
250 5928 3968 5583 4099 532 7363 3638 3531 3231 7308 5611 7001 4339 1434
251 2987 5611 3462 1832 912 4710 6674 1181 627 3786 3268 4830 5859 7242 5222 4178 4034 2005 1439 1355 2817 1167 7363 5654 4477 1720 144 5835 1767 1173 49 7065 3830 5666 5676 413 3313 2658 1206 2761 6921 5229 2113 20 3310 1334 3463 1230 6993 4753 89 6641 3675 6962 6253 5175 3101 1371 3165 1784 7326 2579
252 6380 4710 3736 5391 2008 4982 3705 1181 4131 5611 2567 1782 4709 2381 6012 960 3969 4034 683 5859 3732
253 994 398 4250 6530 3531 1024 2082 5835 5672 144 1434 1414 223 5258 1033 1134 1938 3164 3919 4111 2870 1574 2051 3676 111 4785 324 2780 4810 3087 6916 6442 5435 2623 3544 7253 1306 3365 1843 6797 7012 5867 6477 3694 309 2338 93 151 4578 6106 385 1000 654 1538 6755 1462 813 722 1996 7264 37 5461 2618 3756 1088 4910 2369 5010 4581 7063 1748 2652 675 6678 109 2777 3138 7152 3906 4173 5641 6509 6984 1190 4539 7051 3121 3377 430 7226 3354 5686 6738 2863 6382 4799 5030 103 157 3603 5239 3724 2279 4746 4026
254 3531 398 2817 5442 2972 66 1988 144 1024 7308 627 6091 5263 5511 4421 6380 1795 2389 1033 4111 2736 2194 54 2366 1412 6371 7035 3749 1289 4230 5163 1319 6493 6703 1964 129 4948 1404 1311 6619 6451 6920
255 5839 6819 938 729 5513 709 379 111 4517 918 3761 7326 1090 1639
256 1434 5391 3736 4131 2389 3919 7004 4710 4421 3274 5516 4854 5044 6069 5499 3052 5652 2005 2970 4987 7363 6851 532 4099 2026 1173 66 7308 5672 3231 1667 2150 140 6227 5676 1935 3507 2168 5666 560 1758 6404 4753 3310 2113 1924 1230 4600 5857 3437 1820 6253 1772 3675 1217 6440 7226 7154 4539 3632 6984 6871 5205 2681 959 1950 4641 295 3 3134 406 4039 1380 1447 3704 3722 5137
257 5928 7109 6530 6851 3968 66 2332 5320 3231 1720 5939 1414 1251 4982 4605 6380 1482 4710 4186 6705 1587 3933 2244 1937 6635 3267 14 3454
258 4756 2321 1143 3174 2146 1315 4577 6394 2476 3271 3258 6916 4780 1072 4234 4365 5435 887 1306 3935 6481 2338 6553 4730 1551 2294 6018 5816
259 2761 5676 2679 247 7186 5464 134 560 3830 6222 697 2783 1334 6315 1230 3463 274 6404 5857 740 6942 5687 4878 1453 6406 3101 4994 2695 3836 24 4641 4372 47 3134 102 3488 6747 800 1453 6996 3589 4451
260 1024 5086 3739 1939 1767 3638 1720 321 2817 5320 912 1134 1795 99 1251 6674 4421 2848 4186 1181 5666 1667 4625 6424 4947 7065 5581 5314 5676 2150 5891 740 5229 1683 2390 2522 2113 1924 5864 5857 5629 6806 5687 3194 1745 7266 3134 5205 3165 2438 2681 7058 3016 6495 7154 2057
261 1767 2026 5320 5706 1167 5442 66 6530 4250 3231 1181 1134 3786 1832 2588 5939 7001 5611 4982 1795 2057 3141 6649 3488 3121 1371 45 2579 47 1820 266 604 2853 5715 2 2521 6390 1034 5378 2684 99 331 5258 4339 1482 3705 1938 6091 5391 5939 1751 683 4854 4182 5044 1945 6548 2140 6087 4176 3732 994 1988 2082 2332 66 532 1767 6530 5583 4625 4549 6227 3507 341 3313 5464 7065 3706 2150 2612 1683 697 5857 20 1230 3463 1334 2522 6921 5687 5131 7017 535 1453 240 6649 5205 6996 6057 5000 45 1855 47 6871 827 3144 3134 1190 3141 6725 515 635 7303 2353 7130 5932 7254
262 6424 4998 5581 2800 1667 49 3706 4980 5666 2761 4600 5891 2612 1758 2113 6315 5229 3463 697 1683 1322 3 3194 3392 2681 5205 6440 6641 6996 527 2695 1261 7326 2579 2228 1639 5127 5953 45 1217 5779 2766
263 130 6851 2817 5289 1024 5835 2972 1167 5583 1988 4725 3736 5611 5294 4605 4131 6380 6781 6674 6705 2351 3708 3407 5449 1842 6708 6394 111 7190 999 7253 6797 6128 3258 3191 3989 1776 1843 4031 2517 5962 3216 2483 1960 5839 2351 5303 4701 774 3407 3121 3428 3016 7226 2011 3234 4066 47 3488 1918 2201 2580 4795 128 5072 6407 269 963 2922 54 4474 314 6619 153 1404 4979 889 2397 4593 6716 4370 1376 306 1440 593 4079 3228 1668 5278 12 7383 381 7341 2003 3002 2204 6410 3734 5783 1175 5994 3772 4010 6786 1936 5770 4608 6635 5598 119 5320 5086
264 5706 1024 5289 1720 2972 3732 994 5086 1988 5583 2588 331 4982 3705
265 6530 5672 5583 3531 66 321 2332 5485 532 5086 99 1482 4982 5939 2588 4186 4710 6781 3736 1832 4886 6380 5391 1434 2008 2848 4725 5294 1414 1181 5652 5044 5499 1215 6284 4709 2970 3952 1558 3268 1767 3732 3531 144 5086 5706 130 1024 321 3739 6691 6424 413 560 3507 2150 4625 2144 4998 2679 6921 2390 5857 1758 274 5864 6315 4820 2522 697 4372 3778 7326 3885 6712 7266 5175 3194 6806 1371 5641 1950 7226 800 3144 1217 7018 6509 5175 6397 2059 1530 4009 1665 7254 5661 6472 1380 6609 4887 5511 4186 99 1938 3705 6674 6380 4131 331 4725 5676 6691 5666 7065 413 134 3830 374
266 4099 144 5583 3638 66 3968 1988 5485 3739 5654 4886 5258 1938 3919 6091 1414 1134 6674 5511 7001 3830 1935 6212 7065 3313 5676 2679 6222 3507 2150 2783 2390 740 2612 6315 697 1758 5229 3310 4600 2579 2616 3555 1745 4372 95 4430 800 1784 3836 1090 6495 3392 2195 5335 3101
267 6424 5314 1206 5482 6227 5464 49 2168 247 6691 6921 697 3463 2522 740 1683 3437 6993 6315 1334 3165 3392 2695 1217 3836 6057 6871 1261 6641 240 5205 5505 6877 6942 4539 1954 5000 628 3249 6649 2091 4451
268 413 6212 3507 1131 3066 6424 4980 1935 4998 2310 274 4753 5864 2783 4600 1924 5857 697 3463 6921 3016 2011 3377 3 3144 3249 1772 1784 5687 5131 6649 2819 6996 1646 2228 6962 5021 527 7018 1090 4620 7005
269 66 5485 4477 7109 7363 1988 1720 5835 3638 321 3462 2987 4421 4725 3786 1134 223 2848 5511 3705 900 1076 847 1627 673 5163 4948 4195 427 314 5939 5258 4186 1181 4339 4982 3164 5511 1134 2588 4824 4034 6059 2381 6284 6548 1355 4854 5222 6861 1939 5086 1024 5654 3531 4099 1988 7363 5672 6530 6691 5464 3830 560 1131 3066 3507 5676 2150 2761 1230 20 2783 2390 274 3437 4820 6315 1924 1758 6501 2011 6253 3194 6877 827 6649 1918 1217 4372 5131 5347 1745 7154 1657 6712 89 6806
270 3732 7308 4250 4099 5672 66 5654 5086 1720 4477 912 2848 99 4605
271 5939 4186 3274 4605 6705 5391 2987 1414 2848 4710 592 5225 5044 5912 6059 4854 2381 234 3952 1751 2332 5583 4477 398 3968 321 6530 3531 7363 130 413 6424 6212 4625 560 6222 4947 5482 140 3830 6315 2783 274 6993 1924 4753 5229 5864 1758 1334 7266 6057 6406 1639 5205 5000 853 6440 6962 6942 5026 2681
272 1938 6380 6781 6705 1181 4710 5294 3736 4725 5391 5225 1047 234 5222 2005 1215 278 1782 2970 2567 1988 398 2817 3739 1720 3968 5928 6530 2332 5320 6222 4549 2144 5482 5464 6212 5581 3706 5314 413 5891 3437 4753 740 4600 5864 3310 2113 2783 2522 3234 6501 6806 1657 1925 5505 2681 721 2819 1090 6747 6495
273 4786 379 1513 4378 6835 6077 2687 4577 999 6499 5211 3544 4234 2517 6377 4320 3725 5584 3191 2594 6477 5382 1331 7389 4578 309 2338 6481 6000 1457 6639 4701 4005 728 2051
274 3269 7191 3218 80 88 5121 4387 6443 351 3873 6933 7394 5148 3925 40 3339 1471 5392 101 1783 1475 1851 141 3738 4438 1567 3796 2274 3139 2472 1519 3935 6377 5850 3989 6983 1566 4662 5435 1328 622 3304 2107 2913 4705 6884 133 4196 7325 3563 4109 4818 1336 533 1390 3483 7142 113 4764 3996 659 4530 5984 1565 286 3987 5410 1845 2224 382 4222 1356 894 5851 1665 3722 2059 7088 5656 3534 247 5775 4998 5676 5666 2310 7186 2679 6691 2168 6921 2390 697 5891 1683 2113 2783 1334 2522 3437 1639 2616 1090 5629 6747 7017 3836 3 6406 2380 430 5131 3 6406 527 4430 4052 3675 535 853 7184 2280 6692 96 3222 1823 2453 5841 5031 7303 1482 6091 6380 4725 5294 6705 1938 5511 99 4186 413 4998 6222 341 3706 6424 2144 49 5581 140 6315 1758 5864 5229 274 6404 6921 1334 4753 20 5505 6984 3871 6495 4372 7058 4052 6649 7051 2616 189 1784 136 5127 2095 45 959 4430 5687 7051 5290 7275
275 5163 2397 6716 847 1409 1964 1627
276 5482 134 2800 2310 3313 7065 1667 3706 5314 5676 697 1230 740 2612 2522 274 3437 6404 2390 4600 2681 7017 189 6509 7226 734 1745 89 4539 5197 1261 295 6806 3976 6495 5629 6160 6304 3943 827 5788 4171
277 2082 321 4477 398 2972 4099 3638 994 5583 1024 5511 99 1033 2008 1434 6091 5294 3919 4605 6781 4980 2150 134 140 4625 6222 560 4947 5482 4998 740 274 697 3437 3463 2612 6404 6993 2783 5229 5127 7058 527 1646 7154 6501 5131 6712 3377 5026 2447 4066 102 6712 3976 734
278 7308 1939 3968 4099 4250 2972 6851 3231 1024 398 99 6467 4886 627 4710 172 1251 2588 6705 223 1646 959 1954 4641 827 6942 1925 3885 430 3234 5942 4966 3040 1034 3168 2530 1672 623 6329 2721 5310 3343 1802 6934 5121 351 4147 1098 7191 3344 4977 5148 310 3813 838 4217 3852 101 6204 3132 3796 2696 2139 4348 1524 2384 1585 521 3139 2647 5584 76 6442 3365 175 6145 826 6916 1072 1026 3238 3417 480 4694 1572 3563 5432 4196 1329 2913 7285 5080 724 6458 3954 458 3840 712 2053 1174 1899 2940 715 6124 3825 6412 6574 2224 6347 4288 2258 6472 5779 7254 5705 5851 6435 6543 5924 7073 673 1964 3847 889 6878 1311 5345 6852 5311 5806 3066 5482 134 2144 4625 2150 341 453 2679 7065 2783 1230 1683 5864 3463 6993 3310 4820 1924 3437 6253 1217 959 3377 3871 2380 136 6304 6397 3761 1322
279 3066 2310 4947 2150 5775 4625 560 6691 4998 5676 5891 5229 3463 2113 2612 2783 4753 4600 6993 1758 959 6602 4510 1855 5767 7266 6871 189 6406 3165 6495 3943 7017 3976 3101 1954 1453 136 6649 535 2503 3049 7122 3294 3534 3179 3722 4793 2689 2654 5294 1795 6467 1482 3736 1181 1134 5391 3462 4339 3066 1131 3507 7186 4021 1206 3706 1667 3830 4549 5891 2522 2612 3437 697 3310 1683 2390 5229 1924 3432 6712 2819 535
