0 4 87 4 26 27
1 100 145 72 100 145 20 3 3 25 100 135 145
2 100 145 20 3 3 25 100 135 145 72 100 145 20 3 3 25 100 135 145
3 100 145 72 100 145 20 3 3 25 100 135 145
4 100 145 72 100 145 20 3 3 25 100 135 145
5 22 23 30 29 76 80 118 49 121 72 100 145 20 3 3 25 100 135 145
6 100 145 72 100 145 20 3 3 25 100 135 145
7 72 100 145 20 3 3 25 100 135 145
8 20 3 3 25 100 135 145 20 3 3 25 100 135 145
9 100 145 4 62 87 105 26 4 87 4 26 20 3 3 25 100 135 145 20 3 3 25 100 135 145 9 11 32 34 37 46 48 90 99 29 22 110 123 124 120 20 3 3 25 100 135 145 123 49
10 100 145 123 49
11 20 3 3 25 100 135 145
12 100 145 22 23 30 29 76 80 118 49 121 20 3 3 25 100 135 145 72 100 145 20 3 3 25 100 135 145
13 100 145 72 100 145 20 3 3 25 100 135 145
14 100 145 4 62 87 105 26 72 100 145 20 3 3 25 100 135 145
15 100 145 4 87 4 26
16 100 145 27 20 3 3 25 100 135 145 20 3 3 25 100 135 145
17 100 145 20 3 3 25 100 135 145
18 20 3 3 25 100 135 145 20 3 3 25 100 135 145
19 27
20 20 3 3 25 100 135 145
21 100 145 72 100 145 20 3 3 25 100 135 145 20 3 3 25 100 135 145 14 66 135 15 9 62 54
22 100 145
23 20 3 3 25 100 135 145
24 72 100 145 20 3 3 25 100 135 145 20 3 3 25 100 135 145
25 20 3 3 25 100 135 145
26 100 145 20 3 3 25 100 135 145 72 100 145 20 3 3 25 100 135 145 20 3 3 25 100 135 145
27 20 3 3 25 100 135 145
28 100 145 15 9 3 62 54 72 100 145 20 3 3 25 100 135 145 15 9 62 54
29 20 3 3 25 100 135 145
30 100 145 20 3 3 25 100 135 145
31 100 145 2 25 4 87 4 26 1 12 25 29 42 56 41 62 27 66 20 3 3 25 100 135 145 15 9 62 54
32 100 145 20 3 3 25 100 135 145
33 20 3 3 25 100 135 145
34 100 145 20 3 3 25 100 135 145
35 100 145 72 100 145 20 3 3 25 100 135 145
36 100 145 4 62 87 105 26 4 87 4 26 72 100 145
37 100 145 4 87 4 26 1 12 25 29 42 56 41 62 27 66 72 100 145 20 3 3 25 100 135 145
38 27
39 4 87 4 26
40 72 100 145 20 3 3 25 100 135 145
41 4 87 4 26
42 100 145 72 100 145 20 3 3 25 100 135 145
43 100 145 15 9 3 62 54 20 3 3 25 100 135 145
44 72 100 145
45 100 145 20 3 3 25 100 135 145
46 20 3 3 25 100 135 145
47 100 145 22 23 30 29 76 80 118 49 121 72 100 145 20 3 3 25 100 135 145 20 3 3 25 100 135 145
48 20 3 3 25 100 135 145 20 3 3 25 100 135 145
49 72 100 145 20 3 3 25 100 135 145
50 20 3 3 25 100 135 145
51 4 62 87 105 26 4 87 4 26 9 11 32 34 37 46 48 90 99 29 22 110 123 124 120 123 49
52 100 145
53 22 23 30 29 76 80 118 49 121 72 100 145 20 3 3 25 100 135 145
54 100 145 4 62 87 105 26 20 3 3 25 100 135 145 72 100 145 20 3 3 25 100 135 145
55 4 62 87 105 26
56 100 145 20 3 3 25 100 135 145 72 100 145 20 3 3 25 100 135 145
57 100 145 2 25 4 62 87 105 26 72 100 145 20 3 3 25 100 135 145 123 49
58 20 3 3 25 100 135 145
59 100 145 15 9 3 62 54 20 3 3 25 100 135 145 20 3 3 25 100 135 145 14 66 135
60 100 145 72 100 145 20 3 3 25 100 135 145
61 100 145 20 3 3 25 100 135 145 72 100 145
62 100 145 20 3 3 25 100 135 145
63 100 145 20 3 3 25 100 135 145 9 11 32 34 37 46 48 90 99 29 22 110 123 124 120 20 3 3 25 100 135 145 15 9 62 54
64 72 100 145
65 100 145 20 3 3 25 100 135 145 20 3 3 25 100 135 145
66 20 3 3 25 100 135 145
67 4 87 4 26
68 9 11 32 34 37 46 48 90 99 29 22 110 123 124 120
69 100 145 72 100 145 20 3 3 25 100 135 145
70 20 3 3 25 100 135 145
71 22 23 30 29 76 80 118 49 121 1 12 25 29 42 56 41 62 27 66 20 3 3 25 100 135 145 20 3 3 25 100 135 145
72 123 49
73 72 100 145 20 3 3 25 100 135 145
74 20 3 3 25 100 135 145
75 100 145 1 12 25 29 42 56 41 62 27 66
76 100 145 20 3 3 25 100 135 145
77 22 23 30 29 76 80 118 49 121 72 100 145 20 3 3 25 100 135 145
78 100 145 20 3 3 25 100 135 145
79 100 145 72 100 145 20 3 3 25 100 135 145 14 66 135
80 100 145 72 100 145 20 3 3 25 100 135 145 15 9 62 54
81 20 3 3 25 100 135 145
82 100 145 20 3 3 25 100 135 145
83 100 145 4 62 87 105 26 72 100 145 20 3 3 25 100 135 145
84 9 11 32 34 37 46 48 90 99 29 22 110 123 124 120 20 3 3 25 100 135 145
85 100 145 4 62 87 105 26 15 9 3 62 54 22 23 30 29 76 80 118 49 121 72 100 145 20 3 3 25 100 135 145 26 32 37 50 1 17 116 14 27 123 49
86 20 3 3 25 100 135 145 20 3 3 25 100 135 145
87 20 3 3 25 100 135 145
88 20 3 3 25 100 135 145
89 100 145 15 9 3 62 54 22 23 30 29 76 80 118 49 121 72 100 145 20 3 3 25 100 135 145
90 20 3 3 25 100 135 145 72 100 145 20 3 3 25 100 135 145
91 100 145 20 3 3 25 100 135 145
92 100 145 4 62 87 105 26 72 100 145 20 3 3 25 100 135 145 20 3 3 25 100 135 145
93 100 145 20 3 3 25 100 135 145 1 12 25 29 42 56 41 62 27 66 72 100 145 20 3 3 25 100 135 145
94 20 3 3 25 100 135 145
95 100 145 15 9 3 62 54 72 100 145 20 3 3 25 100 135 145
96 100 145 20 3 3 25 100 135 145 1 12 25 29 42 56 41 62 27 66 72 100 145 20 3 3 25 100 135 145 15 9 62 54
97 20 3 3 25 100 135 145
98 20 3 3 25 100 135 145 20 3 3 25 100 135 145
99 15 9 3 62 54 20 3 3 25 100 135 145 123 49
100 100 145 4 62 87 105 26 15 9 3 62 54 22 23 30 29 76 80 118 49 121 9 11 32 34 37 46 48 90 99 29 22 110 123 124 120 72 100 145 20 3 3 25 100 135 145 20 3 3 25 100 135 145 123 49 14 66 135
101 100 145 20 3 3 25 100 135 145
102 100 145 20 3 3 25 100 135 145
103 100 145 20 3 3 25 100 135 145
104 20 3 3 25 100 135 145 20 3 3 25 100 135 145
105 100 145 15 9 3 62 54 20 3 3 25 100 135 145 15 9 62 54
106 1 12 25 29 42 56 41 62 27 66 15 9 62 54
107 4 62 87 105 26 4 87 4 26
108 100 145 4 62 87 105 26 1 12 25 29 42 56 41 62 27 66
109 100 145 15 9 3 62 54 1 12 25 29 42 56 41 62 27 66 20 3 3 25 100 135 145 72 100 145 20 3 3 25 100 135 145 15 9 62 54
110 72 100 145
111 100 145 20 3 3 25 100 135 145 1 12 25 29 42 56 41 62 27 66 72 100 145 20 3 3 25 100 135 145 20 3 3 25 100 135 145
112 72 100 145 20 3 3 25 100 135 145
113 20 3 3 25 100 135 145
114 100 145 15 9 3 62 54 27 20 3 3 25 100 135 145
115 100 145 1 12 25 29 42 56 41 62 27 66 20 3 3 25 100 135 145 20 3 3 25 100 135 145 14 66 135
116 4 62 87 105 26 72 100 145
117 4 62 87 105 26 4 87 4 26
118 100 145 20 3 3 25 100 135 145
119 20 3 3 25 100 135 145
120 4 62 87 105 26 4 87 4 26
121 100 145 1 12 25 29 42 56 41 62 27 66
122 72 100 145 20 3 3 25 100 135 145
123 100 145 15 9 3 62 54 20 3 3 25 100 135 145
124 100 145 20 3 3 25 100 135 145
125 100 145 20 3 3 25 100 135 145
126 72 100 145
127 20 3 3 25 100 135 145
128 20 3 3 25 100 135 145
129 100 145 72 100 145 20 3 3 25 100 135 145
130 4 62 87 105 26 4 87 4 26 15 9 3 62 54 9 11 32 34 37 46 48 90 99 29 22 110 123 124 120 72 100 145 20 3 3 25 100 135 145 20 3 3 25 100 135 145 123 49
131 100 145 72 100 145 20 3 3 25 100 135 145
132 100 145 27 20 3 3 25 100 135 145
133 100 145 9 11 32 34 37 46 48 90 99 29 22 110 123 124 120
134 100 145
135 72 100 145
136 9 11 32 34 37 46 48 90 99 29 22 110 123 124 120 14 66 135
137 100 145 20 3 3 25 100 135 145
138 100 145
139 100 145 15 9 3 62 54 20 3 3 25 100 135 145 9 11 32 34 37 46 48 90 99 29 22 110 123 124 120 72 100 145 20 3 3 25 100 135 145 26 32 37 50 1 17 116 14 27 20 3 3 25 100 135 145 123 49
140 14 66 135
141 20 3 3 25 100 135 145 72 100 145
142 15 9 3 62 54 20 3 3 25 100 135 145 20 3 3 25 100 135 145
143 100 145 22 23 30 29 76 80 118 49 121 20 3 3 25 100 135 145 1 12 25 29 42 56 41 62 27 66 9 11 32 34 37 46 48 90 99 29 22 110 123 124 120 72 100 145 20 3 3 25 100 135 145
144 100 145
145 100 145 1 12 25 29 42 56 41 62 27 66 9 11 32 34 37 46 48 90 99 29 22 110 123 124 120 20 3 3 25 100 135 145
146 100 145
147 20 3 3 25 100 135 145
148 20 3 3 25 100 135 145
149 100 145 72 100 145 20 3 3 25 100 135 145
150 100 145
151 100 145
152 2 25
153 100 145 4 62 87 105 26 15 9 3 62 54 15 9 62 54
154 100 145 27 20 3 3 25 100 135 145
155 20 3 3 25 100 135 145 20 3 3 25 100 135 145
156 20 3 3 25 100 135 145
157 100 145 22 23 30 29 76 80 118 49 121 72 100 145 20 3 3 25 100 135 145 20 3 3 25 100 135 145
158 100 145 72 100 145 20 3 3 25 100 135 145
159 100 145 1 12 25 29 42 56 41 62 27 66 20 3 3 25 100 135 145
160 4 87 4 26
161 4 87 4 26 72 100 145
162 20 3 3 25 100 135 145
163 100 145 20 3 3 25 100 135 145 123 49
164 100 145
165 20 3 3 25 100 135 145
166 100 145 20 3 3 25 100 135 145
167 20 3 3 25 100 135 145
168 100 145 72 100 145 20 3 3 25 100 135 145
169 100 145 1 12 25 29 42 56 41 62 27 66
170 1 12 25 29 42 56 41 62 27 66
171 100 145 20 3 3 25 100 135 145 72 100 145 20 3 3 25 100 135 145
172 100 145 4 62 87 105 26 27 123 49
173 72 100 145 20 3 3 25 100 135 145 123 49
174 4 87 4 26
175 20 3 3 25 100 135 145 20 3 3 25 100 135 145
176 100 145 15 9 3 62 54 20 3 3 25 100 135 145 72 100 145 15 9 62 54
177 100 145 72 100 145 20 3 3 25 100 135 145
178 20 3 3 25 100 135 145
179 100 145 72 100 145 20 3 3 25 100 135 145
180 100 145 20 3 3 25 100 135 145
181 4 62 87 105 26 4 87 4 26
182 22 23 30 29 76 80 118 49 121 72 100 145 20 3 3 25 100 135 145
183 72 100 145 20 3 3 25 100 135 145
184 100 145 22 23 30 29 76 80 118 49 121 20 3 3 25 100 135 145 72 100 145 20 3 3 25 100 135 145
185 1 12 25 29 42 56 41 62 27 66
186 100 145 20 3 3 25 100 135 145
187 100 145
188 4 62 87 105 26 15 9 3 62 54 1 12 25 29 42 56 41 62 27 66 20 3 3 25 100 135 145 15 9 62 54
189 100 145
190 100 145
191 100 145 123 49
192 100 145 22 23 30 29 76 80 118 49 121 1 12 25 29 42 56 41 62 27 66 9 11 32 34 37 46 48 90 99 29 22 110 123 124 120 20 3 3 25 100 135 145 123 49
193 20 3 3 25 100 135 145
194 22 23 30 29 76 80 118 49 121 72 100 145
195 100 145 15 9 3 62 54 1 12 25 29 42 56 41 62 27 66 27 72 100 145 20 3 3 25 100 135 145 20 3 3 25 100 135 145 14 66 135 15 9 62 54
196 20 3 3 25 100 135 145
197 100 145 1 12 25 29 42 56 41 62 27 66
198 100 145 20 3 3 25 100 135 145
199 100 145 22 23 30 29 76 80 118 49 121 72 100 145 20 3 3 25 100 135 145 20 3 3 25 100 135 145
200 100 145 72 100 145 20 3 3 25 100 135 145
201 100 145 9 11 32 34 37 46 48 90 99 29 22 110 123 124 120 20 3 3 25 100 135 145
202 100 145 20 3 3 25 100 135 145
203 100 145
204 100 145
205 100 145 9 11 32 34 37 46 48 90 99 29 22 110 123 124 120
206 1 12 25 29 42 56 41 62 27 66
207 100 145 20 3 3 25 100 135 145 72 100 145
208 4 62 87 105 26 1 12 25 29 42 56 41 62 27 66 20 3 3 25 100 135 145
209 100 145 2 25
210 4 62 87 105 26
211 100 145 72 100 145 20 3 3 25 100 135 145
212 72 100 145
213 4 62 87 105 26 4 87 4 26 15 9 3 62 54 1 12 25 29 42 56 41 62 27 66
214 100 145 9 11 32 34 37 46 48 90 99 29 22 110 123 124 120 72 100 145
215 20 3 3 25 100 135 145
216 100 145 72 100 145 20 3 3 25 100 135 145
217 100 145 20 3 3 25 100 135 145 20 3 3 25 100 135 145
218 100 145
219 1 12 25 29 42 56 41 62 27 66 15 9 62 54
220 20 3 3 25 100 135 145
221 4 87 4 26
222 20 3 3 25 100 135 145
223 20 3 3 25 100 135 145
224 100 145 20 3 3 25 100 135 145 20 3 3 25 100 135 145 20 3 3 25 100 135 145
225 9 11 32 34 37 46 48 90 99 29 22 110 123 124 120
226 100 145 14 66 135
227 4 87 4 26
228 100 145
229 20 3 3 25 100 135 145 20 3 3 25 100 135 145
230 100 145 20 3 3 25 100 135 145
231 100 145 1 12 25 29 42 56 41 62 27 66
232 20 3 3 25 100 135 145
233 4 62 87 105 26 4 87 4 26
234 100 145 15 9 3 62 54 15 9 62 54
235 20 3 3 25 100 135 145
236 100 145 4 87 4 26 15 9 3 62 54 72 100 145 20 3 3 25 100 135 145 20 3 3 25 100 135 145
237 20 3 3 25 100 135 145
238 100 145
239 100 145
240 20 3 3 25 100 135 145
241 100 145 22 23 30 29 76 80 118 49 121 72 100 145 20 3 3 25 100 135 145
242 72 100 145 20 3 3 25 100 135 145
243 100 145 72 100 145 20 3 3 25 100 135 145 20 3 3 25 100 135 145
244 20 3 3 25 100 135 145 20 3 3 25 100 135 145 72 100 145 20 3 3 25 100 135 145
245 100 145
246 100 145 20 3 3 25 100 135 145 20 3 3 25 100 135 145
247 4 62 87 105 26 4 87 4 26 20 3 3 25 100 135 145 26 32 37 50 1 17 116 14 27 123 49
248 100 145
249 100 145
250 100 145
251 72 100 145 20 3 3 25 100 135 145
252 72 100 145
253 100 145 4 62 87 105 26 4 87 4 26 9 11 32 34 37 46 48 90 99 29 22 110 123 124 120
254 100 145 1 12 25 29 42 56 41 62 27 66
255 15 9 3 62 54
256 72 100 145 20 3 3 25 100 135 145 14 66 135
257 100 145 14 66 135
258 4 62 87 105 26 4 87 4 26 27
259 20 3 3 25 100 135 145
260 100 145 20 3 3 25 100 135 145
261 100 145 2 25 72 100 145 20 3 3 25 100 135 145 15 9 62 54
262 20 3 3 25 100 135 145
263 100 145 4 62 87 105 26 15 9 3 62 54 1 12 25 29 42 56 41 62 27 66 14 66 135 15 9 62 54
264 100 145
265 100 145 72 100 145 20 3 3 25 100 135 145 20 3 3 25 100 135 145
266 100 145 20 3 3 25 100 135 145
267 20 3 3 25 100 135 145
268 20 3 3 25 100 135 145
269 100 145 27 72 100 145 20 3 3 25 100 135 145 123 49
270 100 145
271 72 100 145 20 3 3 25 100 135 145
272 72 100 145 20 3 3 25 100 135 145
273 4 62 87 105 26 4 87 4 26 15 9 3 62 54
274 22 23 30 29 76 80 118 49 121 20 3 3 25 100 135 145 20 3 3 25 100 135 145 20 3 3 25 100 135 145
275 27
276 20 3 3 25 100 135 145
277 100 145 20 3 3 25 100 135 145
278 100 145 2 25 22 23 30 29 76 80 118 49 121 27 20 3 3 25 100 135 145 26 32 37 50 1 17 116 14 27
279 20 3 3 25 100 135 145 20 3 3 25 100 135 145
